1.00832e-12 	 1.1214e-05 	 -68.0943 	 0
2.01861e-12 	 -1.4418e-05 	 -1294.52 	 0
3.13736e-12 	 4.806e-06 	 134.078 	 0
4.37066e-12 	 -9.612e-06 	 -1190.1 	 0
5.40104e-12 	 -1.602e-06 	 -48.5258 	 0
6.4146e-12 	 8.01e-06 	 246.655 	 0
7.52869e-12 	 -1.602e-06 	 -44.8796 	 0
8.97253e-12 	 4.806e-06 	 103.89 	 0
1.01251e-11 	 4.806e-06 	 130.144 	 0
1.14675e-11 	 -1.602e-06 	 -37.2475 	 0
1.25185e-11 	 -1.2816e-05 	 -324.971 	 0
1.36349e-11 	 3.204e-06 	 89.5742 	 0
1.46938e-11 	 0 	 0 	 0
1.57434e-11 	 0 	 0 	 0
1.68455e-11 	 4.806e-06 	 136.099 	 0
1.80209e-11 	 -3.204e-06 	 -85.077 	 0
1.95063e-11 	 1.602e-06 	 33.6622 	 0
2.08128e-11 	 -1.602e-06 	 -38.2693 	 0
2.19705e-11 	 1.602e-06 	 43.1887 	 0
2.36987e-11 	 0 	 0 	 0
2.53647e-11 	 1.602e-06 	 30.0118 	 0
2.66598e-11 	 -1.602e-06 	 -38.6067 	 0
2.79765e-11 	 0 	 0 	 0
2.90627e-11 	 1.602e-06 	 46.033 	 0
3.05053e-11 	 -1.602e-06 	 -34.6591 	 0
3.20269e-11 	 0 	 0 	 0
3.31982e-11 	 9.612e-06 	 324.685 	 0
3.45175e-11 	 -1.602e-06 	 -37.8978 	 0
3.78322e-11 	 -1.602e-06 	 -15.0843 	 0
4.10696e-11 	 0 	 0 	 0
4.67476e-11 	 1.602e-06 	 8.80591 	 0
4.82162e-11 	 0 	 0 	 0
4.96564e-11 	 0 	 0 	 0
5.13486e-11 	 1.602e-06 	 29.546 	 0
5.2753e-11 	 0 	 0 	 0
5.4493e-11 	 0 	 0 	 0
5.56357e-11 	 -6.408e-06 	 -175.018 	 0
5.73458e-11 	 0 	 0 	 0
5.91652e-11 	 0 	 0 	 0
6.06304e-11 	 3.204e-06 	 68.2506 	 0
6.19655e-11 	 1.602e-06 	 37.4484 	 0
6.35056e-11 	 0 	 0 	 0
6.46933e-11 	 1.602e-06 	 42.0985 	 0
6.60625e-11 	 1.602e-06 	 36.5175 	 0
6.73417e-11 	 -4.806e-06 	 -117.26 	 0
6.87093e-11 	 0 	 0 	 0
6.99013e-11 	 3.204e-06 	 83.8941 	 0
7.11354e-11 	 -1.602e-06 	 -40.5143 	 0
7.2626e-11 	 -1.602e-06 	 -33.5438 	 0
7.40458e-11 	 1.602e-06 	 35.2156 	 0
7.53839e-11 	 -1.602e-06 	 -37.3676 	 0
7.65793e-11 	 1.602e-06 	 41.8254 	 0
7.79603e-11 	 -1.602e-06 	 -36.2056 	 0
7.93851e-11 	 0 	 0 	 0
8.07902e-11 	 0 	 0 	 0
8.22603e-11 	 -1.602e-06 	 -34.011 	 0
8.38651e-11 	 1.602e-06 	 31.1551 	 0
8.55283e-11 	 1.602e-06 	 30.0638 	 0
8.66221e-11 	 0 	 0 	 0
8.79145e-11 	 -3.204e-06 	 -548.315 	 0
8.91358e-11 	 -1.602e-06 	 -40.9404 	 0
9.07207e-11 	 0 	 0 	 0
9.2029e-11 	 3.204e-06 	 76.4337 	 0
9.36305e-11 	 -1.602e-06 	 -31.2208 	 0
9.49155e-11 	 0 	 0 	 0
9.6187e-11 	 0 	 0 	 0
9.78815e-11 	 0 	 0 	 0
9.92183e-11 	 -3.204e-06 	 -74.8065 	 0
1.0064e-10 	 3.204e-06 	 70.3419 	 0
1.02407e-10 	 -3.204e-06 	 -56.5931 	 0
1.04191e-10 	 0 	 0 	 0
1.05548e-10 	 -1.602e-06 	 -36.8582 	 0
1.07654e-10 	 0 	 0 	 0
1.09127e-10 	 0 	 0 	 0
1.10837e-10 	 0 	 0 	 0
1.12459e-10 	 0 	 0 	 0
1.13802e-10 	 0 	 0 	 0
1.15181e-10 	 0 	 0 	 0
1.17117e-10 	 0 	 0 	 0
1.18795e-10 	 3.204e-06 	 59.5958 	 0
1.20126e-10 	 0 	 0 	 0
1.21985e-10 	 0 	 0 	 0
1.23436e-10 	 0 	 0 	 0
1.25342e-10 	 0 	 0 	 0
1.27045e-10 	 0 	 0 	 0
1.28633e-10 	 0 	 0 	 0
1.29959e-10 	 0 	 0 	 0
1.31306e-10 	 0 	 0 	 0
1.32974e-10 	 0 	 0 	 0
1.34222e-10 	 -1.602e-06 	 -40.0757 	 0
1.35521e-10 	 0 	 0 	 0
1.36756e-10 	 1.602e-06 	 40.4958 	 0
1.38622e-10 	 0 	 0 	 0
1.40286e-10 	 0 	 0 	 0
1.41705e-10 	 0 	 0 	 0
1.43099e-10 	 -3.204e-06 	 -71.7649 	 0
1.44317e-10 	 0 	 0 	 0
1.45638e-10 	 3.204e-06 	 75.695 	 0
1.47049e-10 	 0 	 0 	 0
1.48474e-10 	 -1.602e-06 	 -35.0863 	 0
1.50107e-10 	 -1.602e-06 	 -30.6273 	 0
1.51811e-10 	 0 	 0 	 0
1.53245e-10 	 3.204e-06 	 69.7629 	 0
1.54702e-10 	 0 	 0 	 0
1.56199e-10 	 -1.602e-06 	 -33.4084 	 0
1.58016e-10 	 -1.602e-06 	 -27.5139 	 0
1.59554e-10 	 0 	 0 	 0
1.60898e-10 	 -1.602e-06 	 -37.2062 	 0
1.62678e-10 	 0 	 0 	 0
1.6432e-10 	 0 	 0 	 0
1.66106e-10 	 0 	 0 	 0
1.67869e-10 	 0 	 0 	 0
1.6931e-10 	 1.602e-06 	 34.7098 	 0
1.70768e-10 	 -1.602e-06 	 -34.2859 	 0
1.71997e-10 	 1.602e-06 	 40.6946 	 0
1.7332e-10 	 0 	 0 	 0
1.74448e-10 	 0 	 0 	 0
1.75957e-10 	 0 	 0 	 0
1.77458e-10 	 3.204e-06 	 66.5858 	 0
1.78746e-10 	 0 	 0 	 0
1.80336e-10 	 0 	 0 	 0
1.82013e-10 	 0 	 0 	 0
1.83423e-10 	 -1.602e-06 	 -35.4601 	 0
1.84867e-10 	 0 	 0 	 0
1.8633e-10 	 0 	 0 	 0
1.874e-10 	 -3.204e-06 	 -93.4449 	 0
1.89244e-10 	 -3.204e-06 	 -54.2524 	 0
1.90499e-10 	 0 	 0 	 0
1.92214e-10 	 3.204e-06 	 58.3093 	 0
1.93594e-10 	 -1.602e-06 	 -36.2126 	 0
1.94943e-10 	 -1.602e-06 	 -37.0748 	 0
1.96248e-10 	 1.602e-06 	 38.3221 	 0
1.97842e-10 	 1.602e-06 	 31.3558 	 0
1.99071e-10 	 1.2816e-05 	 337.823 	 0
2.00512e-10 	 -9.612e-06 	 -392.612 	 0
2.01798e-10 	 0 	 0 	 0
2.0334e-10 	 -4.806e-06 	 -97.2695 	 0
2.04662e-10 	 0 	 0 	 0
2.06248e-10 	 1.602e-06 	 31.5204 	 0
2.08028e-10 	 0 	 0 	 0
2.09466e-10 	 0 	 0 	 0
2.11015e-10 	 -1.602e-06 	 -32.2828 	 0
2.1269e-10 	 4.806e-06 	 89.5503 	 0
2.14381e-10 	 3.204e-06 	 59.135 	 0
2.16146e-10 	 0 	 0 	 0
2.17421e-10 	 0 	 0 	 0
2.19239e-10 	 0 	 0 	 0
2.20847e-10 	 0 	 0 	 0
2.22385e-10 	 0 	 0 	 0
2.24055e-10 	 0 	 0 	 0
2.25872e-10 	 0 	 0 	 0
2.27282e-10 	 0 	 0 	 0
2.28878e-10 	 0 	 0 	 0
2.31015e-10 	 0 	 0 	 0
2.32504e-10 	 0 	 0 	 0
2.34162e-10 	 0 	 0 	 0
2.35789e-10 	 0 	 0 	 0
2.37482e-10 	 0 	 0 	 0
2.38643e-10 	 3.204e-06 	 86.1631 	 0
2.40902e-10 	 0 	 0 	 0
2.42512e-10 	 0 	 0 	 0
2.43817e-10 	 0 	 0 	 0
2.45377e-10 	 0 	 0 	 0
2.46934e-10 	 1.2816e-05 	 485.551 	 0
2.48408e-10 	 -9.612e-06 	 -711.085 	 0
2.50226e-10 	 0 	 0 	 0
2.5179e-10 	 0 	 0 	 0
2.53179e-10 	 0 	 0 	 0
2.54683e-10 	 0 	 0 	 0
2.56876e-10 	 0 	 0 	 0
2.58618e-10 	 0 	 0 	 0
2.60168e-10 	 0 	 0 	 0
2.62805e-10 	 0 	 0 	 0
2.64319e-10 	 0 	 0 	 0
2.66271e-10 	 0 	 0 	 0
2.67768e-10 	 0 	 0 	 0
2.69321e-10 	 0 	 0 	 0
2.70849e-10 	 0 	 0 	 0
2.72592e-10 	 0 	 0 	 0
2.74359e-10 	 0 	 0 	 0
2.75797e-10 	 0 	 0 	 0
2.77388e-10 	 0 	 0 	 0
2.79116e-10 	 0 	 0 	 0
2.80987e-10 	 0 	 0 	 0
2.82248e-10 	 0 	 0 	 0
2.83649e-10 	 0 	 0 	 0
2.851e-10 	 0 	 0 	 0
2.8672e-10 	 0 	 0 	 0
2.88263e-10 	 0 	 0 	 0
2.89623e-10 	 0 	 0 	 0
2.91441e-10 	 0 	 0 	 0
2.92818e-10 	 0 	 0 	 0
2.94473e-10 	 0 	 0 	 0
2.96073e-10 	 0 	 0 	 0
2.97884e-10 	 0 	 0 	 0
2.9949e-10 	 1.602e-06 	 31.1323 	 0
3.00968e-10 	 -4.806e-06 	 -101.514 	 0
3.02236e-10 	 0 	 0 	 0
3.036e-10 	 3.204e-06 	 73.3264 	 0
3.05042e-10 	 1.602e-06 	 34.6802 	 0
3.06771e-10 	 0 	 0 	 0
3.08165e-10 	 -1.602e-06 	 -35.8797 	 0
3.09517e-10 	 -3.204e-06 	 -73.9271 	 0
3.10824e-10 	 -1.602e-06 	 -38.2661 	 0
3.12053e-10 	 0 	 0 	 0
3.13446e-10 	 1.602e-06 	 35.8979 	 0
3.15176e-10 	 0 	 0 	 0
3.16986e-10 	 0 	 0 	 0
3.18427e-10 	 -1.602e-06 	 -34.7107 	 0
3.19701e-10 	 -1.602e-06 	 -39.247 	 0
3.21778e-10 	 0 	 0 	 0
3.23139e-10 	 0 	 0 	 0
3.2461e-10 	 -1.602e-06 	 -33.9859 	 0
3.26631e-10 	 0 	 0 	 0
3.28116e-10 	 -1.602e-06 	 -33.669 	 0
3.29733e-10 	 1.602e-06 	 30.9151 	 0
3.31129e-10 	 0 	 0 	 0
3.32485e-10 	 0 	 0 	 0
3.34251e-10 	 -1.602e-06 	 -28.3167 	 0
3.35765e-10 	 -1.602e-06 	 -33.0369 	 0
3.37277e-10 	 1.602e-06 	 33.0492 	 0
3.38818e-10 	 0 	 0 	 0
3.40652e-10 	 0 	 0 	 0
3.41898e-10 	 0 	 0 	 0
3.43209e-10 	 0 	 0 	 0
3.45374e-10 	 0 	 0 	 0
3.46917e-10 	 0 	 0 	 0
3.48344e-10 	 0 	 0 	 0
3.49823e-10 	 0 	 0 	 0
3.51566e-10 	 0 	 0 	 0
3.52871e-10 	 0 	 0 	 0
3.54621e-10 	 0 	 0 	 0
3.56378e-10 	 0 	 0 	 0
3.57702e-10 	 0 	 0 	 0
3.59036e-10 	 0 	 0 	 0
3.60467e-10 	 0 	 0 	 0
3.62383e-10 	 0 	 0 	 0
3.64045e-10 	 0 	 0 	 0
3.65239e-10 	 0 	 0 	 0
3.66606e-10 	 0 	 0 	 0
3.68129e-10 	 0 	 0 	 0
3.69629e-10 	 0 	 0 	 0
3.71436e-10 	 0 	 0 	 0
3.7299e-10 	 0 	 0 	 0
3.74542e-10 	 1.602e-06 	 32.2221 	 0
3.76471e-10 	 -1.602e-06 	 -25.9171 	 0
3.77918e-10 	 0 	 0 	 0
3.79745e-10 	 0 	 0 	 0
3.81539e-10 	 1.602e-06 	 27.8633 	 0
3.8287e-10 	 0 	 0 	 0
3.84386e-10 	 0 	 0 	 0
3.8609e-10 	 0 	 0 	 0
3.88145e-10 	 0 	 0 	 0
3.90055e-10 	 0 	 0 	 0
3.91759e-10 	 0 	 0 	 0
3.94167e-10 	 0 	 0 	 0
3.95393e-10 	 1.602e-06 	 40.7877 	 0
3.96936e-10 	 -1.602e-06 	 -32.398 	 0
3.98765e-10 	 0 	 0 	 0
4.00377e-10 	 0 	 0 	 0
4.01664e-10 	 0 	 0 	 0
4.03354e-10 	 0 	 0 	 0
4.04723e-10 	 0 	 0 	 0
4.06476e-10 	 0 	 0 	 0
4.08263e-10 	 0 	 0 	 0
4.10122e-10 	 0 	 0 	 0
4.11402e-10 	 -1.602e-06 	 -39.0677 	 0
4.13213e-10 	 1.602e-06 	 27.5991 	 0
4.14553e-10 	 -1.602e-06 	 -37.3269 	 0
4.16337e-10 	 1.602e-06 	 28.0274 	 0
4.18065e-10 	 0 	 0 	 0
4.19736e-10 	 0 	 0 	 0
4.21356e-10 	 0 	 0 	 0
4.24244e-10 	 0 	 0 	 0
4.2588e-10 	 0 	 0 	 0
4.27761e-10 	 0 	 0 	 0
4.29424e-10 	 -1.602e-06 	 -30.0674 	 0
4.31437e-10 	 0 	 0 	 0
4.32755e-10 	 0 	 0 	 0
4.34101e-10 	 0 	 0 	 0
4.35986e-10 	 1.602e-06 	 26.5353 	 0
4.38432e-10 	 0 	 0 	 0
4.40347e-10 	 0 	 0 	 0
4.42039e-10 	 0 	 0 	 0
4.43324e-10 	 0 	 0 	 0
4.44995e-10 	 0 	 0 	 0
4.4637e-10 	 0 	 0 	 0
4.47447e-10 	 1.602e-06 	 46.4266 	 0
4.48968e-10 	 -1.602e-06 	 -32.8879 	 0
4.50538e-10 	 0 	 0 	 0
4.51826e-10 	 0 	 0 	 0
4.53356e-10 	 0 	 0 	 0
4.55262e-10 	 0 	 0 	 0
4.56581e-10 	 0 	 0 	 0
4.57925e-10 	 0 	 0 	 0
4.60021e-10 	 0 	 0 	 0
4.61244e-10 	 0 	 0 	 0
4.62978e-10 	 0 	 0 	 0
4.65112e-10 	 0 	 0 	 0
4.67073e-10 	 0 	 0 	 0
4.69187e-10 	 0 	 0 	 0
4.70855e-10 	 0 	 0 	 0
4.72176e-10 	 0 	 0 	 0
4.73981e-10 	 0 	 0 	 0
4.75265e-10 	 0 	 0 	 0
4.76635e-10 	 0 	 0 	 0
4.78312e-10 	 0 	 0 	 0
4.80012e-10 	 0 	 0 	 0
4.82043e-10 	 0 	 0 	 0
4.83723e-10 	 0 	 0 	 0
4.85449e-10 	 0 	 0 	 0
4.86675e-10 	 4.806e-06 	 1107.59 	 0
4.88354e-10 	 1.602e-06 	 29.7851 	 0
4.89477e-10 	 1.602e-06 	 44.5444 	 0
4.90735e-10 	 0 	 0 	 0
4.92375e-10 	 -1.602e-06 	 -30.4754 	 0
4.93847e-10 	 -1.602e-06 	 -33.9848 	 0
4.95396e-10 	 0 	 0 	 0
4.97098e-10 	 0 	 0 	 0
4.98627e-10 	 0 	 0 	 0
5.00367e-10 	 0 	 0 	 0
5.02017e-10 	 0 	 0 	 0
5.03958e-10 	 0 	 0 	 0
5.05791e-10 	 0 	 0 	 0
5.07209e-10 	 0 	 0 	 0
5.0881e-10 	 0 	 0 	 0
5.10129e-10 	 0 	 0 	 0
5.11908e-10 	 0 	 0 	 0
5.13248e-10 	 0 	 0 	 0
5.14719e-10 	 0 	 0 	 0
5.16155e-10 	 0 	 0 	 0
5.1735e-10 	 0 	 0 	 0
5.1896e-10 	 0 	 0 	 0
5.20275e-10 	 0 	 0 	 0
5.21987e-10 	 0 	 0 	 0
5.23495e-10 	 0 	 0 	 0
5.24915e-10 	 0 	 0 	 0
5.26699e-10 	 0 	 0 	 0
5.28419e-10 	 1.602e-06 	 29.0601 	 0
5.29886e-10 	 -1.602e-06 	 -34.0817 	 0
5.31503e-10 	 0 	 0 	 0
5.33265e-10 	 0 	 0 	 0
5.34944e-10 	 0 	 0 	 0
5.36274e-10 	 1.602e-06 	 37.5868 	 0
5.38095e-10 	 -1.602e-06 	 -27.4567 	 0
5.39546e-10 	 0 	 0 	 0
5.40941e-10 	 0 	 0 	 0
5.42981e-10 	 0 	 0 	 0
5.44798e-10 	 0 	 0 	 0
5.46479e-10 	 0 	 0 	 0
5.47778e-10 	 1.602e-06 	 38.492 	 0
5.49182e-10 	 0 	 0 	 0
5.50749e-10 	 1.602e-06 	 31.9138 	 0
5.51995e-10 	 -1.602e-06 	 -40.1177 	 0
5.53275e-10 	 0 	 0 	 0
5.54442e-10 	 1.602e-06 	 42.8394 	 0
5.55936e-10 	 -4.806e-06 	 -100.377 	 0
5.57297e-10 	 0 	 0 	 0
5.58567e-10 	 0 	 0 	 0
5.60357e-10 	 0 	 0 	 0
5.62058e-10 	 0 	 0 	 0
5.63521e-10 	 0 	 0 	 0
5.65301e-10 	 0 	 0 	 0
5.67477e-10 	 0 	 0 	 0
5.68991e-10 	 -1.602e-06 	 -33.0352 	 0
5.70599e-10 	 3.204e-06 	 62.1651 	 0
5.72111e-10 	 -1.602e-06 	 -33.0745 	 0
5.73267e-10 	 1.602e-06 	 43.2696 	 0
5.74849e-10 	 0 	 0 	 0
5.7638e-10 	 -1.602e-06 	 -32.6607 	 0
5.78052e-10 	 1.602e-06 	 29.9015 	 0
5.79787e-10 	 -1.602e-06 	 -28.8197 	 0
5.81259e-10 	 0 	 0 	 0
5.8293e-10 	 0 	 0 	 0
5.8438e-10 	 0 	 0 	 0
5.86024e-10 	 1.602e-06 	 30.4287 	 0
5.8756e-10 	 -1.602e-06 	 -32.549 	 0
5.89239e-10 	 0 	 0 	 0
5.9102e-10 	 0 	 0 	 0
5.92598e-10 	 0 	 0 	 0
5.94445e-10 	 0 	 0 	 0
5.95972e-10 	 0 	 0 	 0
5.97794e-10 	 0 	 0 	 0
5.99008e-10 	 0 	 0 	 0
6.01058e-10 	 0 	 0 	 0
6.02493e-10 	 0 	 0 	 0
6.046e-10 	 0 	 0 	 0
6.06126e-10 	 0 	 0 	 0
6.0737e-10 	 0 	 0 	 0
6.08665e-10 	 0 	 0 	 0
6.10008e-10 	 0 	 0 	 0
6.11725e-10 	 0 	 0 	 0
6.13381e-10 	 0 	 0 	 0
6.15346e-10 	 0 	 0 	 0
6.16858e-10 	 0 	 0 	 0
6.18218e-10 	 0 	 0 	 0
6.20157e-10 	 0 	 0 	 0
6.21656e-10 	 1.602e-06 	 33.3433 	 0
6.24324e-10 	 -1.602e-06 	 -18.744 	 0
6.25603e-10 	 0 	 0 	 0
6.27585e-10 	 0 	 0 	 0
6.29393e-10 	 0 	 0 	 0
6.30983e-10 	 0 	 0 	 0
6.32379e-10 	 0 	 0 	 0
6.33927e-10 	 0 	 0 	 0
6.3535e-10 	 0 	 0 	 0
6.3715e-10 	 0 	 0 	 0
6.39266e-10 	 0 	 0 	 0
6.40763e-10 	 0 	 0 	 0
6.42306e-10 	 0 	 0 	 0
6.43927e-10 	 0 	 0 	 0
6.454e-10 	 0 	 0 	 0
6.46609e-10 	 0 	 0 	 0
6.48251e-10 	 0 	 0 	 0
6.49635e-10 	 0 	 0 	 0
6.51119e-10 	 0 	 0 	 0
6.5346e-10 	 0 	 0 	 0
6.54898e-10 	 0 	 0 	 0
6.56158e-10 	 -1.602e-06 	 -39.6923 	 0
6.57739e-10 	 0 	 0 	 0
6.59593e-10 	 0 	 0 	 0
6.61035e-10 	 0 	 0 	 0
6.6246e-10 	 0 	 0 	 0
6.64276e-10 	 0 	 0 	 0
6.65628e-10 	 0 	 0 	 0
6.6712e-10 	 0 	 0 	 0
6.68492e-10 	 0 	 0 	 0
6.70059e-10 	 0 	 0 	 0
6.71674e-10 	 0 	 0 	 0
6.73109e-10 	 0 	 0 	 0
6.74778e-10 	 0 	 0 	 0
6.76527e-10 	 0 	 0 	 0
6.78346e-10 	 0 	 0 	 0
6.80155e-10 	 0 	 0 	 0
6.81809e-10 	 0 	 0 	 0
6.83562e-10 	 3.204e-06 	 57.0534 	 0
6.84901e-10 	 -3.204e-06 	 -74.6656 	 0
6.86326e-10 	 0 	 0 	 0
6.87946e-10 	 0 	 0 	 0
6.8953e-10 	 0 	 0 	 0
6.90928e-10 	 0 	 0 	 0
6.92717e-10 	 0 	 0 	 0
6.94412e-10 	 0 	 0 	 0
6.95751e-10 	 0 	 0 	 0
6.97626e-10 	 0 	 0 	 0
6.99362e-10 	 0 	 0 	 0
7.01116e-10 	 0 	 0 	 0
7.02656e-10 	 0 	 0 	 0
7.03997e-10 	 0 	 0 	 0
7.0544e-10 	 0 	 0 	 0
7.06946e-10 	 0 	 0 	 0
7.08465e-10 	 0 	 0 	 0
7.10184e-10 	 0 	 0 	 0
7.11785e-10 	 0 	 0 	 0
7.13169e-10 	 0 	 0 	 0
7.14975e-10 	 0 	 0 	 0
7.1695e-10 	 0 	 0 	 0
7.18444e-10 	 0 	 0 	 0
7.20233e-10 	 0 	 0 	 0
7.21881e-10 	 0 	 0 	 0
7.23152e-10 	 0 	 0 	 0
7.24517e-10 	 0 	 0 	 0
7.26281e-10 	 0 	 0 	 0
7.27918e-10 	 0 	 0 	 0
7.29425e-10 	 1.602e-06 	 33.1767 	 0
7.30906e-10 	 0 	 0 	 0
7.32983e-10 	 0 	 0 	 0
7.34446e-10 	 0 	 0 	 0
7.3582e-10 	 1.602e-06 	 36.3987 	 0
7.37251e-10 	 -1.602e-06 	 -34.9466 	 0
7.38702e-10 	 0 	 0 	 0
7.40214e-10 	 0 	 0 	 0
7.41377e-10 	 0 	 0 	 0
7.43029e-10 	 0 	 0 	 0
7.44516e-10 	 0 	 0 	 0
7.4608e-10 	 0 	 0 	 0
7.47563e-10 	 0 	 0 	 0
7.48904e-10 	 0 	 0 	 0
7.50144e-10 	 0 	 0 	 0
7.51536e-10 	 0 	 0 	 0
7.52913e-10 	 0 	 0 	 0
7.54345e-10 	 0 	 0 	 0
7.56052e-10 	 0 	 0 	 0
7.57381e-10 	 0 	 0 	 0
7.58638e-10 	 0 	 0 	 0
7.59898e-10 	 0 	 0 	 0
7.61301e-10 	 0 	 0 	 0
7.63041e-10 	 0 	 0 	 0
7.64071e-10 	 0 	 0 	 0
7.65796e-10 	 0 	 0 	 0
7.66959e-10 	 0 	 0 	 0
7.6848e-10 	 0 	 0 	 0
7.69694e-10 	 3.204e-06 	 82.4056 	 0
7.70816e-10 	 0 	 0 	 0
7.72075e-10 	 0 	 0 	 0
7.7331e-10 	 0 	 0 	 0
7.74631e-10 	 0 	 0 	 0
7.76349e-10 	 0 	 0 	 0
7.7755e-10 	 0 	 0 	 0
7.79062e-10 	 0 	 0 	 0
7.80344e-10 	 0 	 0 	 0
7.81623e-10 	 1.602e-06 	 39.0962 	 0
7.82965e-10 	 -1.602e-06 	 -37.2736 	 0
7.84516e-10 	 -1.602e-06 	 -32.2328 	 0
7.85785e-10 	 0 	 0 	 0
7.86962e-10 	 0 	 0 	 0
7.88467e-10 	 0 	 0 	 0
7.89792e-10 	 0 	 0 	 0
7.90856e-10 	 0 	 0 	 0
7.92374e-10 	 0 	 0 	 0
7.93827e-10 	 0 	 0 	 0
7.95332e-10 	 0 	 0 	 0
7.9665e-10 	 0 	 0 	 0
7.98552e-10 	 0 	 0 	 0
7.99981e-10 	 0 	 0 	 0
8.01834e-10 	 0 	 0 	 0
8.03548e-10 	 0 	 0 	 0
8.04703e-10 	 0 	 0 	 0
8.06117e-10 	 0 	 0 	 0
8.07368e-10 	 0 	 0 	 0
8.08649e-10 	 0 	 0 	 0
8.09854e-10 	 0 	 0 	 0
8.11012e-10 	 0 	 0 	 0
8.12396e-10 	 1.602e-06 	 36.1377 	 0
8.13516e-10 	 -1.602e-06 	 -44.6547 	 0
8.14896e-10 	 0 	 0 	 0
8.16179e-10 	 0 	 0 	 0
8.18047e-10 	 0 	 0 	 0
8.19684e-10 	 0 	 0 	 0
8.21045e-10 	 1.602e-06 	 36.7442 	 0
8.22834e-10 	 1.602e-06 	 27.9416 	 0
8.24547e-10 	 0 	 0 	 0
8.26033e-10 	 -1.602e-06 	 -33.649 	 0
8.27278e-10 	 -1.602e-06 	 -40.162 	 0
8.29003e-10 	 0 	 0 	 0
8.30416e-10 	 -1.602e-06 	 -35.3842 	 0
8.32349e-10 	 0 	 0 	 0
8.34253e-10 	 1.602e-06 	 26.2591 	 0
8.35639e-10 	 0 	 0 	 0
8.36823e-10 	 0 	 0 	 0
8.38157e-10 	 -1.602e-06 	 -37.468 	 0
8.39537e-10 	 -1.602e-06 	 -36.2277 	 0
8.41523e-10 	 0 	 0 	 0
8.43322e-10 	 0 	 0 	 0
8.44747e-10 	 0 	 0 	 0
8.46013e-10 	 0 	 0 	 0
8.47517e-10 	 0 	 0 	 0
8.49116e-10 	 0 	 0 	 0
8.5061e-10 	 0 	 0 	 0
8.52117e-10 	 0 	 0 	 0
8.54159e-10 	 0 	 0 	 0
8.55972e-10 	 0 	 0 	 0
8.5748e-10 	 0 	 0 	 0
8.58968e-10 	 0 	 0 	 0
8.60524e-10 	 0 	 0 	 0
8.6188e-10 	 0 	 0 	 0
8.63413e-10 	 0 	 0 	 0
8.6553e-10 	 0 	 0 	 0
8.6697e-10 	 0 	 0 	 0
8.68836e-10 	 0 	 0 	 0
8.71403e-10 	 0 	 0 	 0
8.73524e-10 	 0 	 0 	 0
8.75247e-10 	 0 	 0 	 0
8.76576e-10 	 0 	 0 	 0
8.7811e-10 	 0 	 0 	 0
8.79791e-10 	 0 	 0 	 0
8.80991e-10 	 0 	 0 	 0
8.82631e-10 	 0 	 0 	 0
8.84252e-10 	 0 	 0 	 0
8.85561e-10 	 0 	 0 	 0
8.87514e-10 	 0 	 0 	 0
8.89308e-10 	 0 	 0 	 0
8.90759e-10 	 0 	 0 	 0
8.9214e-10 	 0 	 0 	 0
8.93652e-10 	 4.806e-06 	 99.2538 	 0
8.95267e-10 	 0 	 0 	 0
8.96943e-10 	 0 	 0 	 0
8.98104e-10 	 -1.602e-06 	 -43.0723 	 0
8.99931e-10 	 0 	 0 	 0
9.01588e-10 	 0 	 0 	 0
9.02931e-10 	 -3.204e-06 	 -74.4967 	 0
9.04216e-10 	 0 	 0 	 0
9.05459e-10 	 1.602e-06 	 40.2341 	 0
9.06804e-10 	 -1.602e-06 	 -37.1757 	 0
9.08494e-10 	 -1.602e-06 	 -29.5718 	 0
9.09938e-10 	 1.602e-06 	 34.6373 	 0
9.11497e-10 	 -1.602e-06 	 -32.0767 	 0
9.1294e-10 	 1.602e-06 	 34.6487 	 0
9.14696e-10 	 0 	 0 	 0
9.16134e-10 	 0 	 0 	 0
9.17339e-10 	 -1.602e-06 	 -41.4924 	 0
9.18891e-10 	 0 	 0 	 0
9.20657e-10 	 0 	 0 	 0
9.22083e-10 	 0 	 0 	 0
9.2343e-10 	 3.204e-06 	 74.2481 	 0
9.24981e-10 	 0 	 0 	 0
9.26475e-10 	 0 	 0 	 0
9.27983e-10 	 0 	 0 	 0
9.30068e-10 	 0 	 0 	 0
9.32098e-10 	 0 	 0 	 0
9.33731e-10 	 0 	 0 	 0
9.35448e-10 	 -1.602e-06 	 -29.1201 	 0
9.37105e-10 	 0 	 0 	 0
9.38649e-10 	 -1.602e-06 	 -32.3752 	 0
9.40261e-10 	 1.602e-06 	 31.0129 	 0
9.42572e-10 	 0 	 0 	 0
9.44387e-10 	 0 	 0 	 0
9.45909e-10 	 0 	 0 	 0
9.47356e-10 	 0 	 0 	 0
9.49333e-10 	 0 	 0 	 0
9.51502e-10 	 -1.602e-06 	 -23.0554 	 0
9.5284e-10 	 0 	 0 	 0
9.54389e-10 	 1.602e-06 	 32.2708 	 0
9.55933e-10 	 -1.602e-06 	 -32.3877 	 0
9.57735e-10 	 -1.602e-06 	 -27.7381 	 0
9.59454e-10 	 -1.602e-06 	 -29.0896 	 0
9.61476e-10 	 0 	 0 	 0
9.63403e-10 	 0 	 0 	 0
9.65494e-10 	 0 	 0 	 0
9.6694e-10 	 0 	 0 	 0
9.68692e-10 	 0 	 0 	 0
9.70228e-10 	 0 	 0 	 0
9.71833e-10 	 0 	 0 	 0
9.73492e-10 	 0 	 0 	 0
9.75174e-10 	 0 	 0 	 0
9.76744e-10 	 0 	 0 	 0
9.78375e-10 	 -1.602e-06 	 -30.6577 	 0
9.80144e-10 	 0 	 0 	 0
9.81513e-10 	 0 	 0 	 0
9.83022e-10 	 -1.602e-06 	 -33.135 	 0
9.84412e-10 	 0 	 0 	 0
9.86375e-10 	 0 	 0 	 0
9.87766e-10 	 0 	 0 	 0
9.89424e-10 	 0 	 0 	 0
9.91112e-10 	 0 	 0 	 0
9.93063e-10 	 0 	 0 	 0
9.94933e-10 	 0 	 0 	 0
9.96991e-10 	 0 	 0 	 0
9.98095e-10 	 0 	 0 	 0
9.99671e-10 	 0 	 0 	 0
1.00128e-09 	 0 	 0 	 0
1.00302e-09 	 0 	 0 	 0
1.0047e-09 	 0 	 0 	 0
1.00658e-09 	 0 	 0 	 0
1.00856e-09 	 0 	 0 	 0
1.01043e-09 	 0 	 0 	 0
1.01176e-09 	 0 	 0 	 0
1.01313e-09 	 0 	 0 	 0
1.01445e-09 	 1.602e-06 	 37.929 	 0
1.01555e-09 	 1.602e-06 	 45.1743 	 0
1.01699e-09 	 -1.602e-06 	 -34.7903 	 0
1.01873e-09 	 0 	 0 	 0
1.02021e-09 	 0 	 0 	 0
1.02178e-09 	 0 	 0 	 0
1.02346e-09 	 0 	 0 	 0
1.02523e-09 	 0 	 0 	 0
1.02665e-09 	 3.204e-06 	 70.053 	 0
1.0282e-09 	 -1.602e-06 	 -32.3827 	 0
1.02979e-09 	 0 	 0 	 0
1.03096e-09 	 0 	 0 	 0
1.03233e-09 	 0 	 0 	 0
1.03366e-09 	 -1.602e-06 	 -37.7139 	 0
1.03527e-09 	 0 	 0 	 0
1.03674e-09 	 0 	 0 	 0
1.0382e-09 	 4.806e-06 	 102.495 	 0
1.03992e-09 	 0 	 0 	 0
1.04141e-09 	 0 	 0 	 0
1.04316e-09 	 0 	 0 	 0
1.04527e-09 	 0 	 0 	 0
1.04684e-09 	 0 	 0 	 0
1.04844e-09 	 0 	 0 	 0
1.04982e-09 	 0 	 0 	 0
1.0513e-09 	 0 	 0 	 0
1.05297e-09 	 -3.204e-06 	 -59.611 	 0
1.05445e-09 	 3.204e-06 	 67.6266 	 0
1.05569e-09 	 0 	 0 	 0
1.05705e-09 	 1.602e-06 	 36.808 	 0
1.05841e-09 	 0 	 0 	 0
1.06021e-09 	 0 	 0 	 0
1.06188e-09 	 0 	 0 	 0
1.06374e-09 	 0 	 0 	 0
1.06532e-09 	 0 	 0 	 0
1.06782e-09 	 0 	 0 	 0
1.06934e-09 	 0 	 0 	 0
1.07094e-09 	 1.602e-06 	 31.2542 	 0
1.07258e-09 	 -1.602e-06 	 -30.3938 	 0
1.07403e-09 	 0 	 0 	 0
1.07561e-09 	 0 	 0 	 0
1.07745e-09 	 0 	 0 	 0
1.07903e-09 	 0 	 0 	 0
1.08075e-09 	 0 	 0 	 0
1.08228e-09 	 0 	 0 	 0
1.0839e-09 	 0 	 0 	 0
1.08525e-09 	 0 	 0 	 0
1.0868e-09 	 0 	 0 	 0
1.08851e-09 	 0 	 0 	 0
1.09069e-09 	 0 	 0 	 0
1.09189e-09 	 0 	 0 	 0
1.09342e-09 	 1.602e-06 	 32.6481 	 0
1.0953e-09 	 0 	 0 	 0
1.09725e-09 	 0 	 0 	 0
1.09849e-09 	 1.602e-06 	 40.2679 	 0
1.09995e-09 	 0 	 0 	 0
1.10139e-09 	 0 	 0 	 0
1.10308e-09 	 0 	 0 	 0
1.10458e-09 	 0 	 0 	 0
1.10659e-09 	 0 	 0 	 0
1.1081e-09 	 0 	 0 	 0
1.10967e-09 	 0 	 0 	 0
1.11155e-09 	 0 	 0 	 0
1.11284e-09 	 0 	 0 	 0
1.11435e-09 	 0 	 0 	 0
1.11627e-09 	 0 	 0 	 0
1.11832e-09 	 0 	 0 	 0
1.11985e-09 	 0 	 0 	 0
1.12142e-09 	 0 	 0 	 0
1.12284e-09 	 0 	 0 	 0
1.12471e-09 	 0 	 0 	 0
1.12625e-09 	 0 	 0 	 0
1.12841e-09 	 0 	 0 	 0
1.13001e-09 	 0 	 0 	 0
1.13191e-09 	 0 	 0 	 0
1.13384e-09 	 0 	 0 	 0
1.13555e-09 	 0 	 0 	 0
1.13697e-09 	 0 	 0 	 0
1.13857e-09 	 0 	 0 	 0
1.14017e-09 	 0 	 0 	 0
1.14209e-09 	 0 	 0 	 0
1.14385e-09 	 0 	 0 	 0
1.14541e-09 	 0 	 0 	 0
1.14728e-09 	 0 	 0 	 0
1.1488e-09 	 0 	 0 	 0
1.15083e-09 	 0 	 0 	 0
1.1524e-09 	 0 	 0 	 0
1.15412e-09 	 0 	 0 	 0
1.15553e-09 	 0 	 0 	 0
1.15725e-09 	 0 	 0 	 0
1.15888e-09 	 0 	 0 	 0
1.16047e-09 	 0 	 0 	 0
1.16218e-09 	 0 	 0 	 0
1.16364e-09 	 0 	 0 	 0
1.16522e-09 	 0 	 0 	 0
1.16752e-09 	 0 	 0 	 0
1.16998e-09 	 0 	 0 	 0
1.17211e-09 	 0 	 0 	 0
1.17357e-09 	 0 	 0 	 0
1.17519e-09 	 -1.602e-06 	 -30.8262 	 0
1.17648e-09 	 0 	 0 	 0
1.17855e-09 	 0 	 0 	 0
1.18027e-09 	 0 	 0 	 0
1.18168e-09 	 0 	 0 	 0
1.18368e-09 	 0 	 0 	 0
1.18582e-09 	 0 	 0 	 0
1.18717e-09 	 0 	 0 	 0
1.18924e-09 	 0 	 0 	 0
1.19126e-09 	 0 	 0 	 0
1.19293e-09 	 0 	 0 	 0
1.19471e-09 	 0 	 0 	 0
1.19658e-09 	 0 	 0 	 0
1.19802e-09 	 0 	 0 	 0
1.19969e-09 	 0 	 0 	 0
1.20124e-09 	 0 	 0 	 0
1.203e-09 	 0 	 0 	 0
1.20494e-09 	 0 	 0 	 0
1.20654e-09 	 0 	 0 	 0
1.2081e-09 	 0 	 0 	 0
1.20946e-09 	 0 	 0 	 0
1.21107e-09 	 0 	 0 	 0
1.21304e-09 	 0 	 0 	 0
1.21443e-09 	 0 	 0 	 0
1.21575e-09 	 0 	 0 	 0
1.21737e-09 	 0 	 0 	 0
1.21878e-09 	 0 	 0 	 0
1.22062e-09 	 0 	 0 	 0
1.22273e-09 	 0 	 0 	 0
1.2245e-09 	 0 	 0 	 0
1.22602e-09 	 0 	 0 	 0
1.22829e-09 	 0 	 0 	 0
1.22966e-09 	 0 	 0 	 0
1.231e-09 	 0 	 0 	 0
1.23277e-09 	 0 	 0 	 0
1.23405e-09 	 0 	 0 	 0
1.23609e-09 	 0 	 0 	 0
1.23793e-09 	 0 	 0 	 0
1.23948e-09 	 0 	 0 	 0
1.24105e-09 	 0 	 0 	 0
1.24277e-09 	 0 	 0 	 0
1.24463e-09 	 0 	 0 	 0
1.24609e-09 	 0 	 0 	 0
1.24793e-09 	 0 	 0 	 0
1.25e-09 	 0 	 0 	 0
1.25175e-09 	 0 	 0 	 0
1.25345e-09 	 0 	 0 	 0
1.25515e-09 	 0 	 0 	 0
1.25707e-09 	 0 	 0 	 0
1.25899e-09 	 0 	 0 	 0
1.26064e-09 	 0 	 0 	 0
1.26271e-09 	 0 	 0 	 0
1.26438e-09 	 0 	 0 	 0
1.26596e-09 	 0 	 0 	 0
1.26733e-09 	 0 	 0 	 0
1.26949e-09 	 0 	 0 	 0
1.27154e-09 	 0 	 0 	 0
1.27318e-09 	 0 	 0 	 0
1.27496e-09 	 0 	 0 	 0
1.27624e-09 	 0 	 0 	 0
1.27826e-09 	 0 	 0 	 0
1.28054e-09 	 0 	 0 	 0
1.28221e-09 	 0 	 0 	 0
1.28353e-09 	 0 	 0 	 0
1.28495e-09 	 0 	 0 	 0
1.28638e-09 	 0 	 0 	 0
1.28831e-09 	 0 	 0 	 0
1.29019e-09 	 0 	 0 	 0
1.29168e-09 	 0 	 0 	 0
1.29357e-09 	 0 	 0 	 0
1.29508e-09 	 0 	 0 	 0
1.29663e-09 	 0 	 0 	 0
1.29814e-09 	 0 	 0 	 0
1.29973e-09 	 0 	 0 	 0
1.30106e-09 	 0 	 0 	 0
1.30266e-09 	 0 	 0 	 0
1.30438e-09 	 0 	 0 	 0
1.30573e-09 	 0 	 0 	 0
1.30738e-09 	 0 	 0 	 0
1.30963e-09 	 0 	 0 	 0
1.31144e-09 	 0 	 0 	 0
1.31332e-09 	 0 	 0 	 0
1.31471e-09 	 0 	 0 	 0
1.31657e-09 	 0 	 0 	 0
1.31771e-09 	 0 	 0 	 0
1.31945e-09 	 0 	 0 	 0
1.32108e-09 	 0 	 0 	 0
1.32263e-09 	 0 	 0 	 0
1.3244e-09 	 0 	 0 	 0
1.3261e-09 	 0 	 0 	 0
1.32774e-09 	 0 	 0 	 0
1.32946e-09 	 0 	 0 	 0
1.33094e-09 	 0 	 0 	 0
1.33239e-09 	 0 	 0 	 0
1.33398e-09 	 0 	 0 	 0
1.33563e-09 	 0 	 0 	 0
1.33708e-09 	 0 	 0 	 0
1.33845e-09 	 0 	 0 	 0
1.33998e-09 	 0 	 0 	 0
1.34145e-09 	 0 	 0 	 0
1.34314e-09 	 0 	 0 	 0
1.34469e-09 	 0 	 0 	 0
1.34677e-09 	 0 	 0 	 0
1.3486e-09 	 0 	 0 	 0
1.35023e-09 	 0 	 0 	 0
1.3516e-09 	 0 	 0 	 0
1.35363e-09 	 0 	 0 	 0
1.35517e-09 	 0 	 0 	 0
1.35721e-09 	 0 	 0 	 0
1.35878e-09 	 0 	 0 	 0
1.35999e-09 	 0 	 0 	 0
1.36121e-09 	 0 	 0 	 0
1.36273e-09 	 0 	 0 	 0
1.3641e-09 	 0 	 0 	 0
1.36594e-09 	 0 	 0 	 0
1.36756e-09 	 0 	 0 	 0
1.36922e-09 	 0 	 0 	 0
1.37073e-09 	 0 	 0 	 0
1.37231e-09 	 0 	 0 	 0
1.37346e-09 	 0 	 0 	 0
1.37514e-09 	 0 	 0 	 0
1.37684e-09 	 0 	 0 	 0
1.37873e-09 	 0 	 0 	 0
1.38038e-09 	 0 	 0 	 0
1.38186e-09 	 0 	 0 	 0
1.38393e-09 	 0 	 0 	 0
1.38552e-09 	 0 	 0 	 0
1.38715e-09 	 0 	 0 	 0
1.38866e-09 	 0 	 0 	 0
1.39022e-09 	 0 	 0 	 0
1.3915e-09 	 0 	 0 	 0
1.39344e-09 	 0 	 0 	 0
1.39487e-09 	 0 	 0 	 0
1.39659e-09 	 0 	 0 	 0
1.39874e-09 	 0 	 0 	 0
1.40051e-09 	 0 	 0 	 0
1.40242e-09 	 0 	 0 	 0
1.40401e-09 	 0 	 0 	 0
1.4056e-09 	 0 	 0 	 0
1.40722e-09 	 0 	 0 	 0
1.40882e-09 	 0 	 0 	 0
1.41062e-09 	 0 	 0 	 0
1.41229e-09 	 0 	 0 	 0
1.41395e-09 	 0 	 0 	 0
1.41553e-09 	 0 	 0 	 0
1.41697e-09 	 0 	 0 	 0
1.41898e-09 	 0 	 0 	 0
1.42059e-09 	 0 	 0 	 0
1.42223e-09 	 0 	 0 	 0
1.42424e-09 	 0 	 0 	 0
1.42607e-09 	 0 	 0 	 0
1.42757e-09 	 0 	 0 	 0
1.42935e-09 	 0 	 0 	 0
1.43125e-09 	 0 	 0 	 0
1.43264e-09 	 0 	 0 	 0
1.43488e-09 	 0 	 0 	 0
1.43661e-09 	 0 	 0 	 0
1.4383e-09 	 0 	 0 	 0
1.43998e-09 	 0 	 0 	 0
1.44162e-09 	 0 	 0 	 0
1.44319e-09 	 0 	 0 	 0
1.44536e-09 	 0 	 0 	 0
1.44686e-09 	 0 	 0 	 0
1.44828e-09 	 0 	 0 	 0
1.44966e-09 	 0 	 0 	 0
1.45108e-09 	 0 	 0 	 0
1.45242e-09 	 0 	 0 	 0
1.45473e-09 	 0 	 0 	 0
1.45615e-09 	 0 	 0 	 0
1.4578e-09 	 1.602e-06 	 31.8702 	 0
1.45967e-09 	 0 	 0 	 0
1.46143e-09 	 -1.602e-06 	 -30.0359 	 0
1.46295e-09 	 0 	 0 	 0
1.46462e-09 	 0 	 0 	 0
1.46582e-09 	 0 	 0 	 0
1.46795e-09 	 0 	 0 	 0
1.46951e-09 	 0 	 0 	 0
1.47084e-09 	 0 	 0 	 0
1.47234e-09 	 0 	 0 	 0
1.47413e-09 	 0 	 0 	 0
1.47569e-09 	 0 	 0 	 0
1.47719e-09 	 0 	 0 	 0
1.47906e-09 	 0 	 0 	 0
1.48111e-09 	 0 	 0 	 0
1.48291e-09 	 0 	 0 	 0
1.48444e-09 	 0 	 0 	 0
1.48605e-09 	 0 	 0 	 0
1.48839e-09 	 0 	 0 	 0
1.49022e-09 	 0 	 0 	 0
1.49214e-09 	 0 	 0 	 0
1.49343e-09 	 0 	 0 	 0
1.49557e-09 	 0 	 0 	 0
1.49775e-09 	 0 	 0 	 0
1.49906e-09 	 0 	 0 	 0
1.50069e-09 	 0 	 0 	 0
1.50227e-09 	 0 	 0 	 0
1.50382e-09 	 0 	 0 	 0
1.50533e-09 	 0 	 0 	 0
1.50715e-09 	 0 	 0 	 0
1.50878e-09 	 0 	 0 	 0
1.51067e-09 	 0 	 0 	 0
1.51243e-09 	 0 	 0 	 0
1.51414e-09 	 0 	 0 	 0
1.51575e-09 	 0 	 0 	 0
1.51719e-09 	 0 	 0 	 0
1.51901e-09 	 0 	 0 	 0
1.52086e-09 	 0 	 0 	 0
1.52297e-09 	 1.602e-06 	 24.9583 	 0
1.52516e-09 	 0 	 0 	 0
1.52697e-09 	 0 	 0 	 0
1.52879e-09 	 0 	 0 	 0
1.53025e-09 	 0 	 0 	 0
1.53205e-09 	 0 	 0 	 0
1.53421e-09 	 0 	 0 	 0
1.53591e-09 	 0 	 0 	 0
1.5379e-09 	 0 	 0 	 0
1.53963e-09 	 0 	 0 	 0
1.5421e-09 	 0 	 0 	 0
1.5437e-09 	 0 	 0 	 0
1.54513e-09 	 0 	 0 	 0
1.54689e-09 	 0 	 0 	 0
1.54889e-09 	 0 	 0 	 0
1.55089e-09 	 0 	 0 	 0
1.5523e-09 	 0 	 0 	 0
1.55412e-09 	 0 	 0 	 0
1.55573e-09 	 0 	 0 	 0
1.5571e-09 	 0 	 0 	 0
1.55878e-09 	 0 	 0 	 0
1.56053e-09 	 0 	 0 	 0
1.56224e-09 	 0 	 0 	 0
1.56434e-09 	 0 	 0 	 0
1.56695e-09 	 0 	 0 	 0
1.56844e-09 	 0 	 0 	 0
1.56999e-09 	 0 	 0 	 0
1.57156e-09 	 0 	 0 	 0
1.57322e-09 	 0 	 0 	 0
1.57521e-09 	 0 	 0 	 0
1.5766e-09 	 0 	 0 	 0
1.57845e-09 	 0 	 0 	 0
1.58021e-09 	 0 	 0 	 0
1.5816e-09 	 0 	 0 	 0
1.58311e-09 	 0 	 0 	 0
1.58471e-09 	 0 	 0 	 0
1.5863e-09 	 0 	 0 	 0
1.58813e-09 	 0 	 0 	 0
1.58986e-09 	 0 	 0 	 0
1.59123e-09 	 0 	 0 	 0
1.5929e-09 	 0 	 0 	 0
1.59518e-09 	 0 	 0 	 0
1.59674e-09 	 0 	 0 	 0
1.59837e-09 	 0 	 0 	 0
1.60033e-09 	 0 	 0 	 0
1.60151e-09 	 1.7622e-05 	 356.623 	 0
1.61096e-09 	 -3.204e-06 	 -11.1457 	 0
1.61439e-09 	 0 	 0 	 0
1.61804e-09 	 0 	 0 	 0
1.62698e-09 	 1.602e-06 	 5.8855 	 0
1.63375e-09 	 -1.602e-06 	 -7.78098 	 0
1.64225e-09 	 1.602e-06 	 6.19243 	 0
1.65105e-09 	 -1.602e-06 	 -5.97713 	 0
1.6561e-09 	 0 	 0 	 0
1.66071e-09 	 3.204e-06 	 22.8382 	 0
1.66302e-09 	 0 	 0 	 0
1.66537e-09 	 0 	 0 	 0
1.66727e-09 	 0 	 0 	 0
1.66937e-09 	 0 	 0 	 0
1.67091e-09 	 0 	 0 	 0
1.67262e-09 	 -1.602e-06 	 -30.7673 	 0
1.67772e-09 	 3.204e-06 	 20.618 	 0
1.68211e-09 	 1.602e-06 	 11.9869 	 0
1.68757e-09 	 -1.602e-06 	 -9.65255 	 0
1.69055e-09 	 1.602e-06 	 17.6238 	 0
1.69551e-09 	 0 	 0 	 0
1.70018e-09 	 0 	 0 	 0
1.70442e-09 	 0 	 0 	 0
1.70799e-09 	 -1.602e-06 	 -14.7577 	 0
1.7096e-09 	 0 	 0 	 0
1.71147e-09 	 -1.602e-06 	 -28.0882 	 0
9.44225e-13 	 -6.408e-06 	 -78.3649 	 0
1.89279e-12 	 1.2816e-05 	 214.703 	 0
2.85672e-12 	 -1.602e-05 	 -414.222 	 0
3.84478e-12 	 8.01e-06 	 253.022 	 0
4.78749e-12 	 -1.2816e-05 	 -1017.34 	 0
5.71825e-12 	 0 	 0 	 0
6.66956e-12 	 -4.806e-06 	 -157.679 	 0
7.6226e-12 	 4.806e-06 	 1402.18 	 0
8.57074e-12 	 4.806e-06 	 153.942 	 0
9.54728e-12 	 0 	 0 	 0
1.05028e-11 	 -1.602e-06 	 -831.86 	 0
1.14476e-11 	 4.806e-06 	 248.32 	 0
1.2444e-11 	 0 	 0 	 0
1.34223e-11 	 -1.602e-06 	 -51.1124 	 0
1.43842e-11 	 0 	 0 	 0
1.52983e-11 	 -8.01e-06 	 -273.483 	 0
1.62257e-11 	 1.602e-06 	 53.916 	 0
1.71711e-11 	 -4.806e-06 	 -158.648 	 0
1.82506e-11 	 3.204e-06 	 92.6421 	 0
1.93168e-11 	 0 	 0 	 0
2.03421e-11 	 -1.602e-06 	 -48.767 	 0
2.14749e-11 	 1.602e-06 	 44.1372 	 0
2.26972e-11 	 -4.806e-06 	 -122.715 	 0
2.37698e-11 	 -1.602e-06 	 -46.6194 	 0
2.5055e-11 	 0 	 0 	 0
2.61118e-11 	 1.602e-06 	 47.3119 	 0
2.70667e-11 	 0 	 0 	 0
2.81241e-11 	 1.602e-06 	 47.2883 	 0
2.90595e-11 	 0 	 0 	 0
3.0096e-11 	 -6.408e-06 	 -192.954 	 0
3.12803e-11 	 0 	 0 	 0
3.24031e-11 	 1.602e-06 	 44.5316 	 0
3.35502e-11 	 -1.602e-06 	 -43.5868 	 0
3.4592e-11 	 1.602e-06 	 47.9946 	 0
3.56609e-11 	 0 	 0 	 0
3.69228e-11 	 -1.602e-06 	 -39.6211 	 0
3.80195e-11 	 0 	 0 	 0
3.91617e-11 	 0 	 0 	 0
4.03356e-11 	 0 	 0 	 0
4.15797e-11 	 1.602e-06 	 40.1915 	 0
4.26848e-11 	 1.602e-06 	 45.2439 	 0
4.3831e-11 	 -1.602e-06 	 -43.6211 	 0
4.50357e-11 	 -1.602e-06 	 -41.5053 	 0
4.616e-11 	 0 	 0 	 0
4.73485e-11 	 0 	 0 	 0
4.84646e-11 	 0 	 0 	 0
4.97727e-11 	 1.602e-06 	 38.2242 	 0
5.07849e-11 	 0 	 0 	 0
5.18594e-11 	 0 	 0 	 0
5.29933e-11 	 -3.204e-06 	 -88.1959 	 0
5.42339e-11 	 0 	 0 	 0
5.53649e-11 	 0 	 0 	 0
5.66799e-11 	 0 	 0 	 0
5.78674e-11 	 1.602e-06 	 42.105 	 0
5.90261e-11 	 0 	 0 	 0
6.00639e-11 	 0 	 0 	 0
6.11898e-11 	 1.602e-06 	 44.4078 	 0
6.22141e-11 	 1.602e-06 	 48.8136 	 0
6.36825e-11 	 0 	 0 	 0
6.48587e-11 	 0 	 0 	 0
6.62607e-11 	 -1.602e-06 	 -35.6635 	 0
6.74665e-11 	 0 	 0 	 0
6.86406e-11 	 0 	 0 	 0
6.99814e-11 	 0 	 0 	 0
7.12333e-11 	 -3.204e-06 	 -79.8838 	 0
7.24068e-11 	 0 	 0 	 0
7.36695e-11 	 0 	 0 	 0
7.47964e-11 	 0 	 0 	 0
7.58147e-11 	 0 	 0 	 0
7.70515e-11 	 0 	 0 	 0
7.82415e-11 	 0 	 0 	 0
7.94149e-11 	 0 	 0 	 0
8.04621e-11 	 4.806e-06 	 143.238 	 0
8.16874e-11 	 -1.602e-06 	 -40.8059 	 0
8.27505e-11 	 -1.602e-06 	 -47.0301 	 0
8.37702e-11 	 -3.204e-06 	 -98.0695 	 0
8.49466e-11 	 0 	 0 	 0
8.61561e-11 	 0 	 0 	 0
8.73357e-11 	 -3.204e-06 	 -84.7721 	 0
8.8829e-11 	 0 	 0 	 0
8.98387e-11 	 -3.204e-06 	 -99.0387 	 0
9.10427e-11 	 0 	 0 	 0
9.22483e-11 	 0 	 0 	 0
9.33102e-11 	 0 	 0 	 0
9.45806e-11 	 0 	 0 	 0
9.60862e-11 	 0 	 0 	 0
9.71275e-11 	 0 	 0 	 0
9.82288e-11 	 0 	 0 	 0
9.94114e-11 	 0 	 0 	 0
1.00753e-10 	 0 	 0 	 0
1.02059e-10 	 0 	 0 	 0
1.03181e-10 	 0 	 0 	 0
1.04385e-10 	 0 	 0 	 0
1.05614e-10 	 0 	 0 	 0
1.07184e-10 	 0 	 0 	 0
1.08525e-10 	 0 	 0 	 0
1.09795e-10 	 0 	 0 	 0
1.11185e-10 	 0 	 0 	 0
1.12263e-10 	 0 	 0 	 0
1.1345e-10 	 0 	 0 	 0
1.14573e-10 	 0 	 0 	 0
1.15901e-10 	 0 	 0 	 0
1.1712e-10 	 0 	 0 	 0
1.18476e-10 	 0 	 0 	 0
1.19663e-10 	 1.602e-06 	 42.1331 	 0
1.20825e-10 	 -1.602e-06 	 -43.0225 	 0
1.22363e-10 	 0 	 0 	 0
1.23572e-10 	 0 	 0 	 0
1.2466e-10 	 0 	 0 	 0
1.2571e-10 	 0 	 0 	 0
1.27032e-10 	 0 	 0 	 0
1.28107e-10 	 0 	 0 	 0
1.29385e-10 	 0 	 0 	 0
1.30901e-10 	 0 	 0 	 0
1.32206e-10 	 0 	 0 	 0
1.3343e-10 	 0 	 0 	 0
1.34613e-10 	 0 	 0 	 0
1.35834e-10 	 0 	 0 	 0
1.37108e-10 	 0 	 0 	 0
1.38253e-10 	 0 	 0 	 0
1.39405e-10 	 0 	 0 	 0
1.40611e-10 	 0 	 0 	 0
1.4173e-10 	 0 	 0 	 0
1.43183e-10 	 0 	 0 	 0
1.44291e-10 	 1.602e-06 	 45.1043 	 0
1.45472e-10 	 0 	 0 	 0
1.46894e-10 	 0 	 0 	 0
1.4835e-10 	 1.602e-06 	 34.3549 	 0
1.4946e-10 	 0 	 0 	 0
1.50831e-10 	 3.204e-06 	 72.9223 	 0
1.51905e-10 	 -3.204e-06 	 -93.1468 	 0
1.52912e-10 	 -1.602e-06 	 -49.6406 	 0
1.54089e-10 	 1.602e-06 	 42.4788 	 0
1.55531e-10 	 1.602e-06 	 34.675 	 0
1.60422e-10 	 0 	 0 	 0
1.70567e-10 	 0 	 0 	 0
1.75237e-10 	 0 	 0 	 0
1.76928e-10 	 3.204e-06 	 59.1371 	 0
1.78323e-10 	 0 	 0 	 0
1.80051e-10 	 -4.806e-06 	 -86.8412 	 0
1.83499e-10 	 0 	 0 	 0
1.87885e-10 	 -1.602e-06 	 -11.4008 	 0
1.94093e-10 	 1.602e-06 	 8.05355 	 0
1.98516e-10 	 -4.806e-06 	 -33.9134 	 0
2.04645e-10 	 -3.204e-06 	 -16.3162 	 0
2.09466e-10 	 0 	 0 	 0
2.14456e-10 	 -1.602e-06 	 -10.0204 	 0
2.20108e-10 	 1.602e-06 	 8.84726 	 0
2.29761e-10 	 0 	 0 	 0
2.37107e-10 	 -1.602e-06 	 -6.80691 	 0
2.42041e-10 	 1.602e-06 	 10.1334 	 0
2.55396e-10 	 0 	 0 	 0
2.62987e-10 	 0 	 0 	 0
2.7089e-10 	 0 	 0 	 0
2.80747e-10 	 0 	 0 	 0
2.92158e-10 	 1.602e-06 	 4.38188 	 0
2.98936e-10 	 -3.204e-06 	 -14.7534 	 0
3.02868e-10 	 8.01e-06 	 63.5743 	 0
3.10165e-10 	 -1.602e-06 	 -6.85233 	 0
3.2153e-10 	 0 	 0 	 0
3.30864e-10 	 0 	 0 	 0
3.35008e-10 	 -1.602e-06 	 -12.0638 	 0
3.39691e-10 	 1.602e-06 	 10.6773 	 0
3.49663e-10 	 0 	 0 	 0
3.55987e-10 	 0 	 0 	 0
3.63204e-10 	 1.602e-06 	 6.92756 	 0
3.69231e-10 	 -3.204e-06 	 -16.5933 	 0
3.76288e-10 	 1.602e-06 	 7.08532 	 0
3.79544e-10 	 3.204e-06 	 30.7093 	 0
3.83201e-10 	 -1.602e-06 	 -13.6727 	 0
3.93567e-10 	 0 	 0 	 0
4.02183e-10 	 0 	 0 	 0
4.04987e-10 	 4.806e-06 	 53.4946 	 0
4.15711e-10 	 0 	 0 	 0
4.19278e-10 	 0 	 0 	 0
4.25298e-10 	 1.602e-06 	 8.30598 	 0
4.27804e-10 	 -1.602e-06 	 -19.952 	 0
4.3184e-10 	 0 	 0 	 0
4.40934e-10 	 0 	 0 	 0
4.4946e-10 	 0 	 0 	 0
4.57662e-10 	 -1.602e-06 	 -6.09612 	 0
4.67433e-10 	 -1.602e-06 	 -5.11721 	 0
4.79471e-10 	 1.602e-06 	 4.15339 	 0
4.87643e-10 	 0 	 0 	 0
4.99322e-10 	 0 	 0 	 0
5.06273e-10 	 0 	 0 	 0
5.11216e-10 	 0 	 0 	 0
5.20709e-10 	 1.602e-06 	 5.26754 	 0
5.26577e-10 	 -1.602e-06 	 -8.52039 	 0
5.32752e-10 	 3.204e-06 	 16.1932 	 0
5.36309e-10 	 0 	 0 	 0
5.41531e-10 	 0 	 0 	 0
5.46519e-10 	 -1.602e-06 	 -10.0224 	 0
5.50907e-10 	 1.602e-06 	 11.3962 	 0
5.55125e-10 	 0 	 0 	 0
5.62636e-10 	 -1.602e-06 	 -6.65667 	 0
5.65578e-10 	 0 	 0 	 0
5.76788e-10 	 0 	 0 	 0
5.84694e-10 	 1.602e-06 	 6.32454 	 0
5.8792e-10 	 -1.602e-06 	 -15.4989 	 0
5.92479e-10 	 1.602e-06 	 10.9673 	 0
5.97168e-10 	 1.602e-06 	 10.6623 	 0
6.00252e-10 	 -1.602e-06 	 -16.2139 	 0
6.0306e-10 	 1.602e-06 	 17.8087 	 0
6.05008e-10 	 0 	 0 	 0
6.08851e-10 	 0 	 0 	 0
6.10557e-10 	 0 	 0 	 0
6.14679e-10 	 -3.204e-06 	 -24.2599 	 0
6.21606e-10 	 0 	 0 	 0
6.27976e-10 	 1.602e-06 	 7.84852 	 0
6.37627e-10 	 -1.602e-06 	 -5.18131 	 0
6.42794e-10 	 1.602e-06 	 9.67589 	 0
6.49162e-10 	 0 	 0 	 0
6.54054e-10 	 0 	 0 	 0
6.65562e-10 	 1.602e-06 	 4.34484 	 0
6.71823e-10 	 0 	 0 	 0
6.80877e-10 	 4.806e-06 	 16.5676 	 0
6.86267e-10 	 1.602e-06 	 9.27698 	 0
6.95201e-10 	 -1.602e-06 	 -5.59632 	 0
7.06302e-10 	 1.602e-06 	 4.50424 	 0
7.08132e-10 	 -6.408e-06 	 -109.287 	 0
7.09041e-10 	 0 	 0 	 0
7.12163e-10 	 -1.602e-06 	 -16.0122 	 0
7.16334e-10 	 -1.602e-06 	 -11.9885 	 0
7.18643e-10 	 0 	 0 	 0
7.22854e-10 	 -1.602e-06 	 -6.13668 	 0
7.3346e-10 	 3.204e-06 	 9.42816 	 0
7.3782e-10 	 3.204e-06 	 22.9364 	 0
7.40122e-10 	 0 	 0 	 0
7.41401e-10 	 4.806e-06 	 117.341 	 0
7.42826e-10 	 1.602e-06 	 35.0807 	 0
7.44027e-10 	 0 	 0 	 0
7.48856e-10 	 0 	 0 	 0
7.52287e-10 	 1.602e-06 	 14.5723 	 0
7.59221e-10 	 0 	 0 	 0
7.64001e-10 	 1.602e-06 	 10.4607 	 0
7.65647e-10 	 1.602e-06 	 30.3831 	 0
7.67695e-10 	 0 	 0 	 0
7.74926e-10 	 -1.602e-06 	 -6.91484 	 0
7.83452e-10 	 0 	 0 	 0
7.94971e-10 	 0 	 0 	 0
8.03725e-10 	 0 	 0 	 0
8.15332e-10 	 0 	 0 	 0
8.28872e-10 	 0 	 0 	 0
8.37293e-10 	 1.602e-06 	 5.93755 	 0
8.46279e-10 	 -1.602e-06 	 -5.56418 	 0
8.53144e-10 	 0 	 0 	 0
8.59301e-10 	 0 	 0 	 0
8.65604e-10 	 0 	 0 	 0
8.77087e-10 	 0 	 0 	 0
8.8378e-10 	 0 	 0 	 0
8.93194e-10 	 0 	 0 	 0
9.00198e-10 	 0 	 0 	 0
9.0787e-10 	 0 	 0 	 0
9.10417e-10 	 0 	 0 	 0
9.15955e-10 	 0 	 0 	 0
9.22648e-10 	 0 	 0 	 0
9.29656e-10 	 0 	 0 	 0
9.40114e-10 	 0 	 0 	 0
9.53354e-10 	 0 	 0 	 0
9.67181e-10 	 0 	 0 	 0
9.81627e-10 	 0 	 0 	 0
9.9e-10 	 0 	 0 	 0
1.00624e-09 	 0 	 0 	 0
1.01565e-09 	 0 	 0 	 0
1.03078e-09 	 0 	 0 	 0
1.04354e-09 	 0 	 0 	 0
1.06364e-09 	 0 	 0 	 0
1.0718e-09 	 0 	 0 	 0
1.0879e-09 	 0 	 0 	 0
1.10185e-09 	 0 	 0 	 0
1.12026e-09 	 0 	 0 	 0
1.12604e-09 	 -1.602e-06 	 -8.63994 	 0
1.1404e-09 	 1.602e-06 	 3.48384 	 0
1.14599e-09 	 0 	 0 	 0
1.1529e-09 	 0 	 0 	 0
1.16417e-09 	 0 	 0 	 0
1.17338e-09 	 0 	 0 	 0
1.18136e-09 	 0 	 0 	 0
1.19193e-09 	 0 	 0 	 0
1.20257e-09 	 0 	 0 	 0
1.21466e-09 	 0 	 0 	 0
1.22798e-09 	 0 	 0 	 0
1.23939e-09 	 -1.602e-06 	 -4.38013 	 0
1.25262e-09 	 1.602e-06 	 3.77971 	 0
1.25828e-09 	 0 	 0 	 0
1.27132e-09 	 0 	 0 	 0
1.27948e-09 	 0 	 0 	 0
1.28749e-09 	 -1.602e-06 	 -6.24473 	 0
1.30087e-09 	 1.602e-06 	 3.73686 	 0
1.31312e-09 	 0 	 0 	 0
1.32253e-09 	 0 	 0 	 0
1.33688e-09 	 0 	 0 	 0
1.34941e-09 	 0 	 0 	 0
1.35588e-09 	 0 	 0 	 0
1.36351e-09 	 0 	 0 	 0
1.37802e-09 	 0 	 0 	 0
1.38295e-09 	 0 	 0 	 0
1.39046e-09 	 0 	 0 	 0
1.40333e-09 	 0 	 0 	 0
1.41923e-09 	 0 	 0 	 0
1.42414e-09 	 0 	 0 	 0
1.42917e-09 	 0 	 0 	 0
1.43602e-09 	 0 	 0 	 0
1.44595e-09 	 0 	 0 	 0
1.45091e-09 	 0 	 0 	 0
1.45786e-09 	 0 	 0 	 0
1.46683e-09 	 0 	 0 	 0
1.47797e-09 	 0 	 0 	 0
1.49079e-09 	 0 	 0 	 0
1.50495e-09 	 0 	 0 	 0
1.52116e-09 	 0 	 0 	 0
1.53516e-09 	 0 	 0 	 0
1.54301e-09 	 0 	 0 	 0
1.55001e-09 	 0 	 0 	 0
1.55591e-09 	 0 	 0 	 0
1.57064e-09 	 0 	 0 	 0
1.58121e-09 	 0 	 0 	 0
1.59086e-09 	 0 	 0 	 0
1.61264e-09 	 0 	 0 	 0
1.62364e-09 	 0 	 0 	 0
1.62912e-09 	 0 	 0 	 0
1.6391e-09 	 1.602e-06 	 5.00663 	 0
1.64305e-09 	 2.5632e-05 	 1345.02 	 0
1.64933e-09 	 3.204e-06 	 8.44055 	 0
1.66354e-09 	 0 	 0 	 0
1.67049e-09 	 0 	 0 	 0
1.68079e-09 	 0 	 0 	 0
1.68847e-09 	 0 	 0 	 0
1.69908e-09 	 0 	 0 	 0
1.71298e-09 	 1.602e-06 	 3.59606 	 0
1.72852e-09 	 0 	 0 	 0
1.73798e-09 	 0 	 0 	 0
1.74672e-09 	 1.602e-06 	 5.71961 	 0
1.75507e-09 	 0 	 0 	 0
1.76142e-09 	 -1.602e-06 	 -7.86788 	 0
1.77555e-09 	 0 	 0 	 0
1.78958e-09 	 0 	 0 	 0
1.79846e-09 	 0 	 0 	 0
1.80901e-09 	 0 	 0 	 0
1.81769e-09 	 0 	 0 	 0
1.8282e-09 	 0 	 0 	 0
1.83858e-09 	 0 	 0 	 0
1.8487e-09 	 0 	 0 	 0
1.85674e-09 	 0 	 0 	 0
1.87149e-09 	 0 	 0 	 0
1.88159e-09 	 0 	 0 	 0
1.88993e-09 	 0 	 0 	 0
1.90308e-09 	 0 	 0 	 0
1.91591e-09 	 0 	 0 	 0
1.92573e-09 	 0 	 0 	 0
1.93446e-09 	 0 	 0 	 0
1.94101e-09 	 0 	 0 	 0
1.95115e-09 	 0 	 0 	 0
1.96118e-09 	 0 	 0 	 0
1.97882e-09 	 0 	 0 	 0
1.98655e-09 	 0 	 0 	 0
1.99852e-09 	 0 	 0 	 0
2.00863e-09 	 0 	 0 	 0
2.02034e-09 	 0 	 0 	 0
2.02742e-09 	 0 	 0 	 0
2.03653e-09 	 0 	 0 	 0
2.04617e-09 	 -1.602e-06 	 -5.18963 	 0
2.05649e-09 	 1.602e-06 	 4.84324 	 0
2.06443e-09 	 0 	 0 	 0
2.07157e-09 	 0 	 0 	 0
2.07914e-09 	 0 	 0 	 0
2.09062e-09 	 0 	 0 	 0
2.09445e-09 	 4.806e-06 	 39.1441 	 0
2.09817e-09 	 -1.2816e-05 	 -754.243 	 0
2.09962e-09 	 -1.602e-06 	 -34.4765 	 0
2.10115e-09 	 1.602e-06 	 32.5579 	 0
2.10288e-09 	 -1.602e-06 	 -29.0079 	 0
2.10425e-09 	 0 	 0 	 0
2.1067e-09 	 0 	 0 	 0
2.11053e-09 	 0 	 0 	 0
2.33626e-09 	 0 	 0 	 0
2.53334e-09 	 -3.204e-06 	 -0.507399 	 0
2.74082e-09 	 4.806e-06 	 0.722984 	 0
2.84025e-09 	 0 	 0 	 0
3.2717e-09 	 -1.602e-06 	 -333.734 	 0
3.83496e-09 	 -1.602e-06 	 -0.0887697 	 0
4.29568e-09 	 0 	 0 	 0
4.51435e-09 	 -1.602e-06 	 -0.228659 	 0
4.54084e-09 	 -1.602e-06 	 -1.88735 	 0
4.56001e-09 	 0 	 0 	 0
4.5985e-09 	 4.806e-06 	 3.89806 	 0
4.67976e-09 	 0 	 0 	 0
5.06204e-09 	 -1.602e-06 	 -0.130796 	 0
5.12926e-09 	 3.204e-06 	 1.48765 	 0
5.45227e-09 	 3.204e-06 	 70.5066 	 0
5.45502e-09 	 1.602e-06 	 -35.2456 	 0
5.45752e-09 	 0 	 0 	 0
5.45923e-09 	 0 	 0 	 0
5.59157e-09 	 0 	 0 	 0
6.174e-09 	 -3.204e-06 	 -0.171694 	 0
6.29471e-09 	 6.408e-06 	 1.65685 	 0
6.4856e-09 	 -3.204e-06 	 -0.523864 	 0
6.81119e-09 	 4.806e-06 	 0.460699 	 0
6.81305e-09 	 0 	 0 	 0
6.8145e-09 	 0 	 0 	 0
7.0458e-09 	 0 	 0 	 0
7.04757e-09 	 1.602e-06 	 28.302 	 0
7.04883e-09 	 -1.602e-06 	 -39.6561 	 0
7.05026e-09 	 0 	 0 	 0
7.05133e-09 	 -1.602e-06 	 -46.5906 	 0
7.05248e-09 	 1.1214e-05 	 305.975 	 0
7.63986e-09 	 -1.602e-06 	 -0.085123 	 0
7.94926e-09 	 0 	 0 	 0
8.40295e-09 	 -4.806e-06 	 -0.330625 	 0
8.47707e-09 	 0 	 0 	 0
8.62127e-09 	 0 	 0 	 0
8.62378e-09 	 -4.806e-06 	 -59.8199 	 0
8.62511e-09 	 0 	 0 	 0
8.7875e-09 	 6.408e-06 	 1.23157 	 0
9.37454e-09 	 0 	 0 	 0
9.95222e-09 	 6.408e-06 	 0.34621 	 0
9.95581e-09 	 0 	 0 	 0
9.96041e-09 	 0 	 0 	 0
9.96426e-09 	 0 	 0 	 0
1.01252e-08 	 4.806e-06 	 0.931942 	 0
1.03238e-08 	 0 	 0 	 0
1.04563e-08 	 -1.602e-06 	 -0.377414 	 0
1.04642e-08 	 -1.602e-06 	 -6.34559 	 0
1.04764e-08 	 3.204e-06 	 8.14993 	 0
1.05999e-08 	 -1.602e-06 	 -0.405152 	 0
1.07781e-08 	 1.602e-06 	 0.28048 	 0
1.14451e-08 	 -1.602e-06 	 -0.0749602 	 0
1.19e-08 	 1.602e-06 	 0.109922 	 0
1.25968e-08 	 -1.602e-06 	 -0.0717563 	 0
1.30181e-08 	 -3.204e-06 	 -0.237392 	 0
1.30204e-08 	 0 	 0 	 0
1.30383e-08 	 0 	 0 	 0
1.30394e-08 	 -4.806e-06 	 -145.858 	 0
1.30543e-08 	 0 	 205.865 	 0
1.30562e-08 	 0 	 0 	 0
1.30592e-08 	 0 	 0 	 0
1.30745e-08 	 -8.01e-06 	 -16.334 	 0
1.31287e-08 	 -1.602e-06 	 -0.922985 	 0
1.3284e-08 	 0 	 0 	 0
1.42877e-08 	 1.602e-06 	 0.0498115 	 0
1.4801e-08 	 0 	 0 	 0
1.55029e-08 	 -1.602e-06 	 -0.0712391 	 0
1.68721e-08 	 0 	 0 	 0
1.82038e-08 	 0 	 0 	 0
1.82049e-08 	 -4.806e-06 	 -136.413 	 0
1.82063e-08 	 0 	 0 	 0
1.82078e-08 	 0 	 0 	 0
1.82091e-08 	 0 	 0 	 0
1.82104e-08 	 0 	 0 	 0
1.82118e-08 	 0 	 0 	 0
1.82132e-08 	 0 	 0 	 0
1.82147e-08 	 0 	 0 	 0
1.82162e-08 	 0 	 0 	 0
1.82174e-08 	 0 	 0 	 0
1.82185e-08 	 0 	 0 	 0
1.82199e-08 	 0 	 0 	 0
1.82212e-08 	 0 	 0 	 0
1.82223e-08 	 0 	 0 	 0
1.82239e-08 	 0 	 0 	 0
1.82253e-08 	 0 	 0 	 0
1.82265e-08 	 0 	 0 	 0
1.82278e-08 	 0 	 0 	 0
1.8229e-08 	 0 	 0 	 0
1.82303e-08 	 0 	 0 	 0
1.82315e-08 	 0 	 0 	 0
1.82329e-08 	 0 	 0 	 0
1.82341e-08 	 0 	 0 	 0
1.82355e-08 	 0 	 0 	 0
1.82368e-08 	 0 	 0 	 0
1.82381e-08 	 1.602e-06 	 37.1825 	 0
1.82396e-08 	 -1.602e-06 	 -34.2688 	 0
1.82408e-08 	 0 	 0 	 0
1.82421e-08 	 0 	 0 	 0
1.82435e-08 	 1.602e-06 	 36.3936 	 0
1.82448e-08 	 -1.602e-06 	 -38.1272 	 0
1.8246e-08 	 0 	 0 	 0
1.82474e-08 	 0 	 0 	 0
1.82487e-08 	 0 	 0 	 0
1.82499e-08 	 0 	 0 	 0
1.82511e-08 	 0 	 0 	 0
1.82525e-08 	 0 	 0 	 0
1.82537e-08 	 0 	 0 	 0
1.82552e-08 	 0 	 0 	 0
1.82565e-08 	 0 	 0 	 0
1.82576e-08 	 0 	 0 	 0
1.82589e-08 	 0 	 0 	 0
1.82602e-08 	 0 	 0 	 0
1.82615e-08 	 0 	 0 	 0
1.82629e-08 	 0 	 0 	 0
1.82641e-08 	 0 	 0 	 0
1.82652e-08 	 0 	 0 	 0
1.82668e-08 	 0 	 0 	 0
1.82679e-08 	 0 	 0 	 0
1.82691e-08 	 0 	 0 	 0
1.82703e-08 	 0 	 0 	 0
1.82717e-08 	 0 	 0 	 0
1.82729e-08 	 4.806e-06 	 123.124 	 0
1.8295e-08 	 -4.806e-06 	 -6.77172 	 0
1.82962e-08 	 0 	 0 	 0
1.82974e-08 	 0 	 0 	 0
1.82986e-08 	 0 	 0 	 0
1.82999e-08 	 0 	 0 	 0
1.83015e-08 	 0 	 0 	 0
1.83027e-08 	 0 	 0 	 0
1.83041e-08 	 0 	 0 	 0
1.83057e-08 	 0 	 0 	 0
1.83069e-08 	 1.602e-06 	 41.8421 	 0
1.83084e-08 	 -1.602e-06 	 -32.1667 	 0
1.83095e-08 	 0 	 0 	 0
1.83109e-08 	 0 	 0 	 0
1.83122e-08 	 0 	 0 	 0
9.81471e-13 	 -8.01e-06 	 -2075.42 	 0
1.95655e-12 	 0 	 0 	 0
2.94991e-12 	 -1.602e-06 	 -50.3341 	 0
3.92107e-12 	 1.602e-06 	 51.485 	 0
4.86916e-12 	 -3.204e-06 	 -105.476 	 0
5.87761e-12 	 -1.602e-06 	 -49.5809 	 0
6.89503e-12 	 0 	 0 	 0
8.00843e-12 	 1.602e-06 	 44.9075 	 0
8.9904e-12 	 3.204e-06 	 101.836 	 0
9.95368e-12 	 3.204e-06 	 103.812 	 0
1.09714e-11 	 3.204e-06 	 98.2575 	 0
1.21304e-11 	 0 	 0 	 0
1.311e-11 	 3.204e-06 	 102.082 	 0
1.42379e-11 	 0 	 6.96422 	 0
1.52418e-11 	 0 	 0 	 0
1.63618e-11 	 0 	 0 	 0
1.74354e-11 	 0 	 0 	 0
1.84683e-11 	 -2.5632e-05 	 -2075.86 	 0
1.95458e-11 	 1.602e-06 	 46.4062 	 0
2.05404e-11 	 0 	 0 	 0
2.15717e-11 	 0 	 0 	 0
2.27059e-11 	 0 	 0 	 0
2.37474e-11 	 0 	 0 	 0
2.48752e-11 	 0 	 0 	 0
2.5913e-11 	 1.602e-06 	 48.1793 	 0
2.68905e-11 	 0 	 0 	 0
2.79882e-11 	 -3.204e-06 	 -91.0997 	 0
2.8958e-11 	 1.602e-06 	 51.5598 	 0
3.0101e-11 	 -1.602e-06 	 -43.7448 	 0
3.11478e-11 	 0 	 0 	 0
3.22329e-11 	 0 	 0 	 0
3.32854e-11 	 0 	 0 	 0
3.42939e-11 	 0 	 0 	 0
3.53717e-11 	 0 	 0 	 0
3.64167e-11 	 0 	 0 	 0
3.77271e-11 	 0 	 0 	 0
3.87305e-11 	 0 	 0 	 0
3.97893e-11 	 -1.602e-06 	 -47.2233 	 0
4.08701e-11 	 0 	 0 	 0
4.19106e-11 	 0 	 0 	 0
4.3008e-11 	 0 	 0 	 0
4.39839e-11 	 0 	 0 	 0
4.50938e-11 	 0 	 0 	 0
4.61733e-11 	 0 	 0 	 0
4.72993e-11 	 0 	 0 	 0
4.83193e-11 	 0 	 0 	 0
4.93158e-11 	 0 	 0 	 0
5.04053e-11 	 0 	 0 	 0
5.15096e-11 	 1.602e-06 	 45.2789 	 0
5.264e-11 	 0 	 0 	 0
5.38295e-11 	 0 	 0 	 0
5.49102e-11 	 0 	 0 	 0
5.59285e-11 	 0 	 0 	 0
5.70313e-11 	 -1.602e-06 	 -45.3371 	 0
5.81659e-11 	 1.602e-06 	 44.067 	 0
5.92261e-11 	 -1.602e-06 	 -47.162 	 0
6.03578e-11 	 0 	 0 	 0
6.14349e-11 	 0 	 0 	 0
6.24782e-11 	 1.602e-06 	 47.9261 	 0
6.35062e-11 	 0 	 0 	 0
6.45358e-11 	 -1.602e-06 	 -48.5642 	 0
6.56132e-11 	 0 	 0 	 0
6.66971e-11 	 0 	 0 	 0
6.77508e-11 	 0 	 0 	 0
6.88119e-11 	 0 	 0 	 0
6.97825e-11 	 0 	 0 	 0
7.07852e-11 	 0 	 0 	 0
7.17551e-11 	 1.602e-06 	 51.5499 	 0
7.27387e-11 	 0 	 0 	 0
7.36861e-11 	 -1.602e-06 	 -52.7763 	 0
7.46733e-11 	 0 	 0 	 0
7.56427e-11 	 0 	 0 	 0
7.66625e-11 	 0 	 0 	 0
7.77177e-11 	 1.602e-06 	 47.3849 	 0
7.87188e-11 	 0 	 0 	 0
7.9834e-11 	 0 	 0 	 0
8.09527e-11 	 0 	 0 	 0
8.19619e-11 	 1.602e-06 	 49.5412 	 0
8.30012e-11 	 -1.602e-06 	 -48.1101 	 0
8.40678e-11 	 0 	 0 	 0
8.51441e-11 	 0 	 0 	 0
8.61451e-11 	 0 	 0 	 0
8.71748e-11 	 0 	 0 	 0
8.82053e-11 	 -6.408e-06 	 -194.077 	 0
8.92978e-11 	 1.602e-06 	 45.7696 	 0
9.03535e-11 	 0 	 0 	 0
9.13928e-11 	 1.602e-06 	 48.11 	 0
9.24911e-11 	 0 	 0 	 0
9.35705e-11 	 1.1214e-05 	 963.924 	 0
9.46231e-11 	 0 	 0 	 0
9.56881e-11 	 0 	 0 	 0
9.67489e-11 	 0 	 0 	 0
9.77679e-11 	 0 	 0 	 0
9.88076e-11 	 0 	 0 	 0
9.97944e-11 	 0 	 0 	 0
1.00846e-10 	 0 	 0 	 0
1.01846e-10 	 0 	 0 	 0
1.02929e-10 	 0 	 0 	 0
1.04038e-10 	 0 	 0 	 0
1.0508e-10 	 0 	 0 	 0
1.06101e-10 	 0 	 0 	 0
1.07087e-10 	 0 	 0 	 0
1.08206e-10 	 0 	 0 	 0
1.0918e-10 	 0 	 0 	 0
1.1015e-10 	 3.204e-06 	 103.054 	 0
1.11198e-10 	 0 	 0 	 0
1.12352e-10 	 -1.602e-06 	 -43.3072 	 0
1.1338e-10 	 0 	 0 	 0
1.14456e-10 	 -6.408e-06 	 -185.841 	 0
1.15525e-10 	 0 	 0 	 0
1.16601e-10 	 0 	 0 	 0
1.17696e-10 	 -1.602e-06 	 -45.6657 	 0
1.18772e-10 	 1.602e-06 	 46.4428 	 0
1.19731e-10 	 0 	 0 	 0
1.2077e-10 	 0 	 0 	 0
1.21795e-10 	 0 	 0 	 0
1.22832e-10 	 0 	 0 	 0
1.23964e-10 	 0 	 0 	 0
1.2507e-10 	 0 	 0 	 0
1.26097e-10 	 0 	 0 	 0
1.27189e-10 	 0 	 0 	 0
1.28251e-10 	 0 	 0 	 0
1.2928e-10 	 0 	 0 	 0
1.30332e-10 	 -1.602e-06 	 -47.5128 	 0
1.31476e-10 	 -1.602e-06 	 -43.7338 	 0
1.32476e-10 	 1.602e-06 	 49.9984 	 0
1.33515e-10 	 4.806e-06 	 144.364 	 0
1.34651e-10 	 0 	 0 	 0
1.35729e-10 	 -1.602e-06 	 -46.3737 	 0
1.36774e-10 	 3.204e-06 	 95.7283 	 0
1.37845e-10 	 0 	 0 	 0
1.38842e-10 	 0 	 0 	 0
1.39929e-10 	 0 	 0 	 0
1.40936e-10 	 0 	 0 	 0
1.42058e-10 	 0 	 0 	 0
1.4309e-10 	 0 	 0 	 0
1.44173e-10 	 0 	 0 	 0
1.45215e-10 	 0 	 0 	 0
1.46231e-10 	 0 	 0 	 0
1.47419e-10 	 0 	 0 	 0
1.48492e-10 	 0 	 0 	 0
1.49541e-10 	 0 	 0 	 0
1.50507e-10 	 0 	 0 	 0
1.51512e-10 	 0 	 0 	 0
1.52599e-10 	 0 	 0 	 0
1.53629e-10 	 0 	 0 	 0
1.54755e-10 	 0 	 0 	 0
1.55745e-10 	 0 	 0 	 0
1.56876e-10 	 0 	 0 	 0
1.57953e-10 	 0 	 0 	 0
1.59002e-10 	 0 	 0 	 0
1.60032e-10 	 0 	 0 	 0
1.61006e-10 	 0 	 0 	 0
1.62109e-10 	 0 	 0 	 0
1.63105e-10 	 0 	 0 	 0
1.64117e-10 	 0 	 0 	 0
1.65262e-10 	 0 	 0 	 0
1.66298e-10 	 0 	 0 	 0
1.67375e-10 	 0 	 0 	 0
1.68404e-10 	 0 	 0 	 0
1.69531e-10 	 0 	 0 	 0
1.70587e-10 	 1.602e-06 	 47.354 	 0
1.71741e-10 	 0 	 0 	 0
1.72857e-10 	 0 	 0 	 0
1.73863e-10 	 0 	 0 	 0
1.74942e-10 	 0 	 0 	 0
1.7604e-10 	 0 	 0 	 0
1.77121e-10 	 0 	 0 	 0
1.78345e-10 	 0 	 0 	 0
1.79401e-10 	 0 	 0 	 0
1.80548e-10 	 0 	 0 	 0
1.81627e-10 	 0 	 0 	 0
1.8263e-10 	 0 	 0 	 0
1.83749e-10 	 0 	 0 	 0
1.848e-10 	 0 	 0 	 0
1.8587e-10 	 0 	 0 	 0
1.87066e-10 	 0 	 0 	 0
1.88118e-10 	 0 	 0 	 0
1.89175e-10 	 0 	 0 	 0
1.90268e-10 	 -1.602e-06 	 -45.7166 	 0
1.91381e-10 	 6.408e-06 	 179.676 	 0
1.92426e-10 	 -1.602e-06 	 -47.8666 	 0
1.93452e-10 	 0 	 0 	 0
1.94488e-10 	 0 	 0 	 0
1.95646e-10 	 0 	 0 	 0
1.9672e-10 	 0 	 0 	 0
1.97769e-10 	 0 	 0 	 0
1.98816e-10 	 0 	 0 	 0
1.99858e-10 	 0 	 0 	 0
2.00861e-10 	 0 	 0 	 0
2.01979e-10 	 0 	 0 	 0
2.03128e-10 	 0 	 0 	 0
2.04123e-10 	 0 	 0 	 0
2.05123e-10 	 -3.204e-06 	 -100.058 	 0
2.06215e-10 	 0 	 0 	 0
2.07352e-10 	 1.602e-06 	 43.9652 	 0
2.08453e-10 	 0 	 0 	 0
2.095e-10 	 0 	 0 	 0
2.10498e-10 	 0 	 0 	 0
2.11503e-10 	 -1.602e-06 	 -49.7639 	 0
2.12531e-10 	 0 	 0 	 0
2.13542e-10 	 0 	 0 	 0
2.14678e-10 	 -1.602e-06 	 -44.0141 	 0
2.15726e-10 	 0 	 0 	 0
2.16786e-10 	 1.602e-06 	 47.1597 	 0
2.18073e-10 	 0 	 0 	 0
2.19088e-10 	 -1.602e-06 	 -49.2575 	 0
2.20191e-10 	 1.602e-06 	 45.3376 	 0
2.21288e-10 	 0 	 0 	 0
2.22513e-10 	 0 	 0 	 0
2.23519e-10 	 0 	 0 	 0
2.24669e-10 	 -1.602e-06 	 -43.4616 	 0
2.25698e-10 	 0 	 0 	 0
2.2673e-10 	 0 	 0 	 0
2.27749e-10 	 0 	 0 	 0
2.28755e-10 	 0 	 0 	 0
2.29769e-10 	 0 	 0 	 0
2.30863e-10 	 0 	 0 	 0
2.32044e-10 	 0 	 0 	 0
2.33104e-10 	 0 	 0 	 0
2.34116e-10 	 0 	 0 	 0
2.35206e-10 	 0 	 0 	 0
2.36293e-10 	 -1.602e-06 	 -45.9853 	 0
2.37304e-10 	 0 	 0 	 0
2.38345e-10 	 0 	 0 	 0
2.39363e-10 	 0 	 0 	 0
2.40357e-10 	 0 	 0 	 0
2.41455e-10 	 0 	 0 	 0
2.42452e-10 	 0 	 0 	 0
2.43602e-10 	 0 	 0 	 0
2.44643e-10 	 0 	 0 	 0
2.45692e-10 	 1.602e-06 	 47.6645 	 0
2.46701e-10 	 0 	 0 	 0
2.47739e-10 	 0 	 0 	 0
2.48882e-10 	 0 	 0 	 0
2.49965e-10 	 0 	 0 	 0
2.51073e-10 	 0 	 0 	 0
2.52169e-10 	 0 	 0 	 0
2.53243e-10 	 0 	 0 	 0
2.54371e-10 	 -1.602e-06 	 -44.3456 	 0
2.55427e-10 	 0 	 0 	 0
2.56466e-10 	 0 	 0 	 0
2.57545e-10 	 0 	 0 	 0
2.5854e-10 	 0 	 0 	 0
2.59646e-10 	 0 	 0 	 0
2.6066e-10 	 0 	 0 	 0
2.61732e-10 	 0 	 0 	 0
2.62811e-10 	 1.602e-06 	 46.3652 	 0
2.63859e-10 	 -1.602e-06 	 -47.7063 	 0
2.64893e-10 	 0 	 0 	 0
2.65905e-10 	 0 	 0 	 0
2.66932e-10 	 1.602e-06 	 48.6699 	 0
2.67968e-10 	 0 	 0 	 0
2.69119e-10 	 0 	 0 	 0
2.70172e-10 	 0 	 0 	 0
2.71162e-10 	 0 	 0 	 0
2.72213e-10 	 0 	 0 	 0
2.73301e-10 	 1.602e-06 	 45.9181 	 0
2.74381e-10 	 -1.602e-06 	 -46.3351 	 0
2.75418e-10 	 0 	 0 	 0
2.76542e-10 	 0 	 0 	 0
2.7754e-10 	 0 	 0 	 0
2.7867e-10 	 1.602e-06 	 44.2396 	 0
2.79737e-10 	 -1.602e-06 	 -46.8689 	 0
2.80804e-10 	 0 	 0 	 0
2.81877e-10 	 0 	 0 	 0
2.8296e-10 	 0 	 0 	 0
2.83953e-10 	 0 	 0 	 0
2.84993e-10 	 0 	 0 	 0
2.86002e-10 	 0 	 0 	 0
2.8697e-10 	 -1.602e-06 	 -51.6681 	 0
2.88259e-10 	 0 	 0 	 0
2.8934e-10 	 1.602e-06 	 46.2688 	 0
2.90386e-10 	 1.602e-06 	 47.8014 	 0
2.91414e-10 	 -1.602e-06 	 -48.6085 	 0
2.92715e-10 	 -1.602e-06 	 -38.4401 	 0
2.94047e-10 	 0 	 0 	 0
2.95624e-10 	 0 	 0 	 0
2.96961e-10 	 0 	 0 	 0
2.98293e-10 	 0 	 0 	 0
2.99346e-10 	 0 	 0 	 0
3.00658e-10 	 0 	 0 	 0
3.01816e-10 	 0 	 0 	 0
3.03092e-10 	 0 	 0 	 0
3.04283e-10 	 0 	 0 	 0
3.05472e-10 	 0 	 0 	 0
3.06706e-10 	 0 	 0 	 0
3.08077e-10 	 0 	 0 	 0
3.09119e-10 	 0 	 0 	 0
3.10334e-10 	 0 	 0 	 0
3.11358e-10 	 1.602e-06 	 48.8358 	 0
3.12644e-10 	 0 	 0 	 0
3.14031e-10 	 1.602e-06 	 36.0265 	 0
3.15188e-10 	 0 	 0 	 0
3.16488e-10 	 0 	 0 	 0
3.17724e-10 	 0 	 0 	 0
3.18856e-10 	 0 	 0 	 0
3.20165e-10 	 0 	 0 	 0
3.21654e-10 	 0 	 0 	 0
3.22718e-10 	 0 	 0 	 0
3.23933e-10 	 0 	 0 	 0
3.25079e-10 	 0 	 0 	 0
3.26194e-10 	 0 	 0 	 0
3.2751e-10 	 0 	 0 	 0
3.28678e-10 	 0 	 0 	 0
3.29855e-10 	 0 	 0 	 0
3.31045e-10 	 0 	 0 	 0
3.32426e-10 	 0 	 0 	 0
3.33596e-10 	 0 	 0 	 0
3.34933e-10 	 0 	 0 	 0
3.36198e-10 	 -1.602e-06 	 -39.5245 	 0
3.37498e-10 	 1.602e-06 	 38.4726 	 0
3.38579e-10 	 0 	 0 	 0
3.39847e-10 	 0 	 0 	 0
3.40989e-10 	 0 	 0 	 0
3.42382e-10 	 0 	 0 	 0
3.4341e-10 	 0 	 0 	 0
3.44486e-10 	 0 	 0 	 0
3.45832e-10 	 0 	 0 	 0
3.46967e-10 	 0 	 0 	 0
3.48263e-10 	 0 	 0 	 0
3.49347e-10 	 0 	 0 	 0
3.50518e-10 	 0 	 0 	 0
3.51651e-10 	 0 	 0 	 0
3.52888e-10 	 0 	 0 	 0
3.54098e-10 	 0 	 0 	 0
3.55301e-10 	 0 	 0 	 0
3.56635e-10 	 0 	 0 	 0
3.57842e-10 	 0 	 0 	 0
3.58968e-10 	 0 	 0 	 0
3.60077e-10 	 0 	 0 	 0
3.61384e-10 	 0 	 0 	 0
3.62724e-10 	 0 	 0 	 0
3.63935e-10 	 0 	 0 	 0
3.6524e-10 	 0 	 0 	 0
3.66425e-10 	 0 	 0 	 0
3.67606e-10 	 0 	 0 	 0
3.68797e-10 	 0 	 0 	 0
3.70219e-10 	 0 	 0 	 0
3.71561e-10 	 0 	 0 	 0
3.72702e-10 	 0 	 0 	 0
3.74104e-10 	 0 	 0 	 0
3.75392e-10 	 0 	 0 	 0
3.76586e-10 	 0 	 0 	 0
3.77886e-10 	 0 	 0 	 0
3.78939e-10 	 0 	 0 	 0
3.80136e-10 	 0 	 0 	 0
3.81242e-10 	 -1.602e-06 	 -45.2009 	 0
3.82364e-10 	 1.602e-06 	 44.5603 	 0
3.83452e-10 	 0 	 0 	 0
3.84712e-10 	 0 	 0 	 0
3.85992e-10 	 0 	 0 	 0
3.87109e-10 	 0 	 0 	 0
3.88606e-10 	 0 	 0 	 0
3.89949e-10 	 0 	 0 	 0
3.9139e-10 	 0 	 0 	 0
3.92571e-10 	 0 	 0 	 0
3.9368e-10 	 0 	 0 	 0
3.94841e-10 	 0 	 0 	 0
3.96047e-10 	 0 	 0 	 0
3.97347e-10 	 0 	 0 	 0
3.98533e-10 	 0 	 0 	 0
3.99746e-10 	 0 	 0 	 0
4.01084e-10 	 0 	 0 	 0
4.02397e-10 	 0 	 0 	 0
4.03499e-10 	 0 	 0 	 0
4.04902e-10 	 0 	 0 	 0
4.06134e-10 	 0 	 0 	 0
4.07464e-10 	 0 	 0 	 0
4.08553e-10 	 0 	 0 	 0
4.09902e-10 	 0 	 0 	 0
4.11293e-10 	 0 	 0 	 0
4.1273e-10 	 0 	 0 	 0
4.13953e-10 	 0 	 0 	 0
4.15262e-10 	 0 	 0 	 0
4.16428e-10 	 0 	 0 	 0
4.178e-10 	 0 	 0 	 0
4.19141e-10 	 -1.602e-06 	 -37.286 	 0
4.20342e-10 	 1.602e-06 	 41.6356 	 0
4.21388e-10 	 0 	 0 	 0
4.2259e-10 	 0 	 0 	 0
4.2421e-10 	 0 	 0 	 0
4.25445e-10 	 0 	 0 	 0
4.26616e-10 	 0 	 0 	 0
4.28021e-10 	 0 	 0 	 0
4.29389e-10 	 0 	 0 	 0
4.30574e-10 	 0 	 0 	 0
4.31861e-10 	 0 	 0 	 0
4.32996e-10 	 0 	 0 	 0
4.34184e-10 	 0 	 0 	 0
4.35511e-10 	 0 	 0 	 0
4.36574e-10 	 0 	 0 	 0
4.37767e-10 	 0 	 0 	 0
4.39044e-10 	 0 	 0 	 0
4.40459e-10 	 0 	 0 	 0
4.41691e-10 	 0 	 0 	 0
4.42972e-10 	 0 	 0 	 0
4.44055e-10 	 0 	 0 	 0
4.45249e-10 	 0 	 0 	 0
4.466e-10 	 0 	 0 	 0
4.47834e-10 	 0 	 0 	 0
4.4936e-10 	 0 	 0 	 0
4.50446e-10 	 0 	 0 	 0
4.51793e-10 	 0 	 0 	 0
4.53101e-10 	 0 	 0 	 0
4.54233e-10 	 0 	 0 	 0
4.55274e-10 	 0 	 0 	 0
4.56573e-10 	 0 	 0 	 0
4.58e-10 	 0 	 0 	 0
4.59108e-10 	 -1.602e-06 	 -45.139 	 0
4.60334e-10 	 0 	 0 	 0
4.61479e-10 	 0 	 0 	 0
4.62576e-10 	 0 	 0 	 0
4.63734e-10 	 0 	 0 	 0
4.64882e-10 	 0 	 0 	 0
4.66033e-10 	 0 	 0 	 0
4.67142e-10 	 0 	 0 	 0
4.68298e-10 	 0 	 0 	 0
4.6979e-10 	 0 	 0 	 0
4.70959e-10 	 0 	 0 	 0
4.72166e-10 	 0 	 0 	 0
4.73507e-10 	 0 	 0 	 0
4.74587e-10 	 0 	 0 	 0
4.75793e-10 	 0 	 0 	 0
4.76946e-10 	 0 	 0 	 0
4.78025e-10 	 0 	 0 	 0
4.7927e-10 	 0 	 0 	 0
4.80502e-10 	 0 	 0 	 0
4.81792e-10 	 0 	 0 	 0
4.82843e-10 	 0 	 0 	 0
4.83975e-10 	 0 	 0 	 0
4.85315e-10 	 0 	 0 	 0
4.86469e-10 	 0 	 0 	 0
4.87491e-10 	 0 	 0 	 0
4.88688e-10 	 0 	 0 	 0
4.89833e-10 	 0 	 0 	 0
4.9114e-10 	 0 	 0 	 0
4.92352e-10 	 0 	 0 	 0
4.93536e-10 	 0 	 0 	 0
4.94833e-10 	 0 	 0 	 0
4.95978e-10 	 0 	 0 	 0
4.97208e-10 	 0 	 0 	 0
4.98678e-10 	 0 	 0 	 0
4.99996e-10 	 0 	 0 	 0
5.01291e-10 	 0 	 0 	 0
5.02702e-10 	 0 	 0 	 0
5.03914e-10 	 0 	 0 	 0
5.05364e-10 	 0 	 0 	 0
5.06624e-10 	 0 	 0 	 0
5.0781e-10 	 0 	 0 	 0
5.08887e-10 	 0 	 0 	 0
5.10235e-10 	 0 	 0 	 0
5.114e-10 	 0 	 0 	 0
5.1263e-10 	 0 	 0 	 0
5.13882e-10 	 0 	 0 	 0
5.1502e-10 	 0 	 0 	 0
5.16336e-10 	 0 	 0 	 0
5.17582e-10 	 0 	 0 	 0
5.18639e-10 	 0 	 0 	 0
5.19873e-10 	 0 	 0 	 0
5.21017e-10 	 3.204e-06 	 87.4259 	 0
5.2231e-10 	 -1.602e-06 	 -38.6804 	 0
5.23489e-10 	 0 	 0 	 0
5.24643e-10 	 1.4418e-05 	 7630.92 	 0
5.25737e-10 	 0 	 0 	 0
5.27089e-10 	 0 	 0 	 0
5.28172e-10 	 -6.408e-06 	 -192.483 	 0
5.29378e-10 	 -1.602e-06 	 -41.4577 	 0
5.30597e-10 	 0 	 0 	 0
5.31668e-10 	 -1.602e-06 	 -46.6583 	 0
5.32835e-10 	 0 	 0 	 0
5.34083e-10 	 0 	 0 	 0
5.35263e-10 	 0 	 0 	 0
5.36426e-10 	 0 	 0 	 0
5.37705e-10 	 0 	 0 	 0
5.38857e-10 	 1.602e-06 	 43.4203 	 0
5.40125e-10 	 -1.602e-06 	 -39.4284 	 0
5.41406e-10 	 0 	 0 	 0
5.42716e-10 	 0 	 0 	 0
5.43984e-10 	 0 	 0 	 0
5.45123e-10 	 0 	 0 	 0
5.46331e-10 	 0 	 0 	 0
5.4762e-10 	 0 	 0 	 0
5.4872e-10 	 0 	 0 	 0
5.50138e-10 	 0 	 0 	 0
5.51411e-10 	 0 	 0 	 0
5.52587e-10 	 0 	 0 	 0
5.53767e-10 	 0 	 0 	 0
5.55076e-10 	 0 	 0 	 0
5.56176e-10 	 0 	 0 	 0
5.57615e-10 	 0 	 0 	 0
5.59695e-10 	 1.602e-06 	 24.0367 	 0
5.60936e-10 	 -1.602e-06 	 -40.298 	 0
5.62324e-10 	 0 	 0 	 0
5.63511e-10 	 0 	 0 	 0
5.64636e-10 	 0 	 0 	 0
5.65866e-10 	 0 	 0 	 0
5.67154e-10 	 0 	 0 	 0
5.68322e-10 	 0 	 0 	 0
5.69384e-10 	 0 	 0 	 0
5.70582e-10 	 0 	 0 	 0
5.71722e-10 	 0 	 0 	 0
5.7302e-10 	 0 	 0 	 0
5.74593e-10 	 0 	 0 	 0
5.75934e-10 	 0 	 0 	 0
5.77076e-10 	 0 	 0 	 0
5.78329e-10 	 0 	 0 	 0
5.7964e-10 	 0 	 0 	 0
5.80882e-10 	 0 	 0 	 0
5.82232e-10 	 0 	 0 	 0
5.8336e-10 	 1.602e-06 	 44.3252 	 0
5.84674e-10 	 0 	 0 	 0
