9.17636e-13 	 3.204e-05 	 14 	 0 	 20 	 397.088 	 0.132363
1.87306e-12 	 6.408e-06 	 2 	 0 	 19 	 11.4092 	 0.00380306
2.80521e-12 	 0 	 1 	 0 	 20 	 0 	 0
3.72272e-12 	 1.7622e-05 	 0 	 0 	 20 	 599.449 	 0.199816
4.64939e-12 	 3.204e-06 	 0 	 0 	 20 	 107.913 	 0.0359709
5.58959e-12 	 1.602e-06 	 0 	 0 	 20 	 53.1806 	 0.0177269
6.55302e-12 	 0 	 0 	 0 	 20 	 0 	 0
7.46955e-12 	 3.204e-06 	 0 	 0 	 20 	 109.107 	 0.036369
8.44232e-12 	 0 	 0 	 0 	 20 	 0 	 0
9.3879e-12 	 3.204e-06 	 0 	 0 	 20 	 105.755 	 0.0352516
1.03805e-11 	 8.01e-06 	 0 	 0 	 20 	 251.853 	 0.083951
1.13649e-11 	 1.602e-06 	 0 	 0 	 20 	 50.7946 	 0.0169315
1.23223e-11 	 -3.204e-06 	 0 	 0 	 20 	 -104.45 	 -0.0348166
1.32907e-11 	 3.204e-06 	 0 	 0 	 20 	 103.262 	 0.0344208
1.43058e-11 	 -3.204e-06 	 0 	 0 	 20 	 -98.5135 	 -0.0328378
1.52633e-11 	 1.602e-06 	 0 	 0 	 20 	 52.2185 	 0.0174062
1.62131e-11 	 -1.602e-06 	 0 	 0 	 20 	 -52.6416 	 -0.0175472
1.71827e-11 	 0 	 0 	 0 	 20 	 0 	 0
1.81546e-11 	 1.602e-06 	 0 	 0 	 20 	 51.4459 	 0.0171486
1.90996e-11 	 0 	 0 	 0 	 20 	 0 	 0
2.01091e-11 	 0 	 0 	 0 	 20 	 0 	 0
2.1109e-11 	 0 	 0 	 0 	 20 	 0 	 0
2.21226e-11 	 0 	 0 	 0 	 20 	 0 	 0
2.30929e-11 	 0 	 0 	 0 	 20 	 0 	 0
2.40451e-11 	 4.806e-06 	 1 	 0 	 20 	 79.5862 	 0.0265287
2.50033e-11 	 1.602e-06 	 0 	 0 	 20 	 52.1822 	 0.0173941
2.59656e-11 	 4.806e-06 	 0 	 0 	 20 	 155.871 	 0.0519568
2.69358e-11 	 0 	 0 	 0 	 20 	 0 	 0
2.79354e-11 	 0 	 0 	 0 	 20 	 0 	 0
2.89877e-11 	 0 	 0 	 0 	 20 	 0 	 0
3.00532e-11 	 0 	 0 	 0 	 20 	 0 	 0
3.10618e-11 	 0 	 0 	 0 	 20 	 0 	 0
3.20582e-11 	 0 	 0 	 0 	 20 	 0 	 0
3.30497e-11 	 0 	 0 	 0 	 20 	 0 	 0
3.40099e-11 	 0 	 0 	 0 	 20 	 0 	 0
3.49851e-11 	 3.204e-06 	 1 	 0 	 20 	 32.0007 	 0.0106669
3.59574e-11 	 0 	 0 	 0 	 20 	 0 	 0
3.70072e-11 	 0 	 0 	 0 	 20 	 0 	 0
3.80194e-11 	 0 	 0 	 0 	 20 	 0 	 0
3.90209e-11 	 0 	 0 	 0 	 20 	 0 	 0
3.9975e-11 	 0 	 0 	 0 	 20 	 0 	 0
4.09732e-11 	 1.602e-06 	 0 	 0 	 20 	 50.0872 	 0.0166957
4.19578e-11 	 1.602e-06 	 0 	 0 	 20 	 50.7825 	 0.0169275
4.299e-11 	 0 	 0 	 0 	 20 	 0 	 0
4.40512e-11 	 1.602e-06 	 2 	 0 	 20 	 -643.074 	 -0.214358
4.50349e-11 	 1.602e-06 	 0 	 0 	 20 	 50.828 	 0.0169427
4.60377e-11 	 4.806e-06 	 0 	 0 	 20 	 149.582 	 0.0498606
4.70404e-11 	 -1.602e-06 	 0 	 0 	 20 	 -49.8632 	 -0.0166211
4.80618e-11 	 1.602e-06 	 0 	 0 	 20 	 48.9532 	 0.0163177
4.9084e-11 	 -3.204e-06 	 0 	 0 	 20 	 -97.8242 	 -0.0326081
5.00809e-11 	 1.602e-06 	 0 	 0 	 20 	 50.1596 	 0.0167199
5.10674e-11 	 8.01e-06 	 1 	 0 	 20 	 171.289 	 0.0570962
5.20529e-11 	 3.204e-06 	 0 	 0 	 20 	 101.463 	 0.0338209
5.30265e-11 	 1.602e-06 	 0 	 0 	 20 	 51.3592 	 0.0171197
5.40483e-11 	 0 	 0 	 0 	 20 	 0 	 0
5.50469e-11 	 -1.602e-06 	 0 	 0 	 20 	 -50.0685 	 -0.0166895
5.59946e-11 	 0 	 0 	 0 	 20 	 0 	 0
5.7068e-11 	 1.602e-06 	 0 	 0 	 20 	 46.5803 	 0.0155268
5.80948e-11 	 0 	 0 	 0 	 20 	 0 	 0
5.90947e-11 	 3.204e-06 	 0 	 0 	 20 	 100.011 	 0.0333371
6.01122e-11 	 -3.204e-06 	 0 	 0 	 20 	 -98.2812 	 -0.0327604
6.10839e-11 	 6.408e-06 	 0 	 0 	 20 	 205.819 	 0.0686063
6.2059e-11 	 -1.602e-06 	 0 	 0 	 20 	 -51.2781 	 -0.0170927
6.30835e-11 	 -1.602e-06 	 0 	 0 	 20 	 -48.801 	 -0.016267
6.41868e-11 	 0 	 0 	 0 	 20 	 0 	 0
6.51674e-11 	 4.806e-06 	 0 	 0 	 20 	 152.958 	 0.0509862
6.61354e-11 	 0 	 0 	 0 	 20 	 0 	 0
6.71024e-11 	 0 	 0 	 0 	 20 	 0 	 0
6.81155e-11 	 -1.602e-06 	 0 	 0 	 20 	 -49.3549 	 -0.0164516
6.90536e-11 	 0 	 0 	 0 	 20 	 0 	 0
7.00733e-11 	 0 	 0 	 0 	 20 	 0 	 0
7.10825e-11 	 0 	 0 	 0 	 20 	 0 	 0
7.2109e-11 	 0 	 0 	 0 	 20 	 0 	 0
7.30953e-11 	 0 	 0 	 0 	 20 	 0 	 0
7.40785e-11 	 -1.602e-06 	 0 	 0 	 20 	 -50.8558 	 -0.0169519
7.50951e-11 	 -3.204e-06 	 0 	 0 	 20 	 -98.3593 	 -0.0327864
7.60631e-11 	 0 	 0 	 0 	 20 	 0 	 0
7.71222e-11 	 0 	 0 	 0 	 20 	 0 	 0
7.80766e-11 	 1.602e-06 	 0 	 0 	 20 	 52.3886 	 0.0174629
7.90783e-11 	 0 	 0 	 0 	 20 	 0 	 0
8.00928e-11 	 -1.602e-06 	 0 	 0 	 20 	 -49.2849 	 -0.0164283
8.11237e-11 	 1.602e-06 	 0 	 0 	 20 	 48.5025 	 0.0161675
8.20871e-11 	 0 	 0 	 0 	 20 	 0 	 0
8.3048e-11 	 0 	 0 	 0 	 20 	 0 	 0
8.40922e-11 	 0 	 0 	 0 	 20 	 0 	 0
8.51064e-11 	 0 	 0 	 0 	 20 	 0 	 0
8.61179e-11 	 0 	 0 	 0 	 20 	 0 	 0
8.71827e-11 	 -1.602e-06 	 0 	 0 	 20 	 -46.9572 	 -0.0156524
8.82194e-11 	 0 	 0 	 0 	 20 	 0 	 0
8.92334e-11 	 -1.602e-06 	 0 	 0 	 20 	 -49.3079 	 -0.016436
9.0256e-11 	 0 	 0 	 0 	 20 	 0 	 0
9.12891e-11 	 0 	 0 	 0 	 20 	 0 	 0
9.23234e-11 	 0 	 0 	 0 	 20 	 0 	 0
9.33209e-11 	 0 	 0 	 0 	 20 	 0 	 0
9.43092e-11 	 0 	 0 	 0 	 20 	 0 	 0
9.53624e-11 	 0 	 0 	 0 	 20 	 0 	 0
9.63905e-11 	 0 	 0 	 0 	 20 	 0 	 0
9.73953e-11 	 0 	 0 	 0 	 20 	 0 	 0
9.84702e-11 	 0 	 0 	 0 	 20 	 0 	 0
9.94692e-11 	 0 	 0 	 0 	 20 	 0 	 0
1.00393e-10 	 0 	 0 	 0 	 20 	 0 	 0
1.0139e-10 	 0 	 0 	 0 	 20 	 0 	 0
1.02413e-10 	 0 	 0 	 0 	 20 	 0 	 0
1.03461e-10 	 0 	 0 	 0 	 20 	 0 	 0
1.04474e-10 	 0 	 0 	 0 	 20 	 0 	 0
1.05433e-10 	 0 	 0 	 0 	 20 	 0 	 0
1.06449e-10 	 0 	 0 	 0 	 20 	 0 	 0
1.07444e-10 	 0 	 0 	 0 	 20 	 0 	 0
1.08372e-10 	 0 	 0 	 0 	 20 	 0 	 0
1.09362e-10 	 0 	 0 	 0 	 20 	 0 	 0
1.10377e-10 	 0 	 0 	 0 	 20 	 0 	 0
1.1139e-10 	 0 	 0 	 0 	 20 	 0 	 0
1.12392e-10 	 0 	 0 	 0 	 20 	 0 	 0
1.13393e-10 	 0 	 0 	 0 	 20 	 0 	 0
1.14338e-10 	 0 	 0 	 0 	 20 	 0 	 0
1.15333e-10 	 0 	 0 	 0 	 20 	 0 	 0
1.16309e-10 	 0 	 0 	 0 	 20 	 0 	 0
1.17334e-10 	 0 	 0 	 0 	 20 	 0 	 0
1.18388e-10 	 0 	 0 	 0 	 20 	 0 	 0
1.19398e-10 	 0 	 0 	 0 	 20 	 0 	 0
1.20358e-10 	 0 	 0 	 0 	 20 	 0 	 0
1.21342e-10 	 0 	 0 	 0 	 20 	 0 	 0
1.22333e-10 	 0 	 0 	 0 	 20 	 0 	 0
1.23341e-10 	 0 	 0 	 0 	 20 	 0 	 0
1.2443e-10 	 0 	 0 	 0 	 20 	 0 	 0
1.2549e-10 	 0 	 0 	 0 	 20 	 0 	 0
1.26514e-10 	 0 	 0 	 0 	 20 	 0 	 0
1.27548e-10 	 0 	 0 	 0 	 20 	 0 	 0
1.28548e-10 	 0 	 0 	 0 	 20 	 0 	 0
1.29538e-10 	 0 	 0 	 0 	 20 	 0 	 0
1.30527e-10 	 0 	 0 	 0 	 20 	 0 	 0
1.31549e-10 	 0 	 0 	 0 	 20 	 0 	 0
1.32571e-10 	 0 	 0 	 0 	 20 	 0 	 0
1.33545e-10 	 0 	 0 	 0 	 20 	 0 	 0
1.34557e-10 	 0 	 0 	 0 	 20 	 0 	 0
1.35565e-10 	 0 	 0 	 0 	 20 	 0 	 0
1.36549e-10 	 0 	 0 	 0 	 20 	 0 	 0
1.37605e-10 	 0 	 0 	 0 	 20 	 0 	 0
1.38563e-10 	 0 	 0 	 0 	 20 	 0 	 0
1.39553e-10 	 0 	 0 	 0 	 20 	 0 	 0
1.40548e-10 	 0 	 0 	 0 	 20 	 0 	 0
1.41529e-10 	 0 	 0 	 0 	 20 	 0 	 0
1.42654e-10 	 0 	 0 	 0 	 20 	 0 	 0
1.43698e-10 	 0 	 0 	 0 	 20 	 0 	 0
1.44667e-10 	 0 	 0 	 0 	 20 	 0 	 0
1.45734e-10 	 0 	 0 	 0 	 20 	 0 	 0
1.46766e-10 	 0 	 0 	 0 	 20 	 0 	 0
1.47759e-10 	 0 	 0 	 0 	 20 	 0 	 0
1.4877e-10 	 0 	 0 	 0 	 20 	 0 	 0
1.49727e-10 	 1.602e-06 	 0 	 0 	 20 	 52.2405 	 0.0174135
1.50745e-10 	 1.602e-06 	 0 	 0 	 20 	 49.1147 	 0.0163716
1.51752e-10 	 3.204e-06 	 0 	 0 	 20 	 99.2434 	 0.0330811
1.52761e-10 	 0 	 0 	 0 	 20 	 0 	 0
1.53728e-10 	 0 	 0 	 0 	 20 	 0 	 0
1.54762e-10 	 0 	 0 	 0 	 20 	 0 	 0
1.55827e-10 	 0 	 0 	 0 	 20 	 0 	 0
1.56817e-10 	 0 	 0 	 0 	 20 	 0 	 0
1.57848e-10 	 0 	 0 	 0 	 20 	 0 	 0
1.58888e-10 	 0 	 0 	 0 	 20 	 0 	 0
1.59908e-10 	 0 	 0 	 0 	 20 	 0 	 0
1.60885e-10 	 0 	 0 	 0 	 20 	 0 	 0
1.61879e-10 	 0 	 0 	 0 	 20 	 0 	 0
1.62867e-10 	 0 	 0 	 0 	 20 	 0 	 0
1.63869e-10 	 0 	 0 	 0 	 20 	 0 	 0
1.6484e-10 	 0 	 0 	 0 	 20 	 0 	 0
1.65857e-10 	 0 	 0 	 0 	 20 	 0 	 0
1.66858e-10 	 0 	 0 	 0 	 20 	 0 	 0
1.67883e-10 	 0 	 0 	 0 	 20 	 0 	 0
1.68897e-10 	 0 	 0 	 0 	 20 	 0 	 0
1.69875e-10 	 0 	 0 	 0 	 20 	 0 	 0
1.7083e-10 	 0 	 0 	 0 	 20 	 0 	 0
1.71838e-10 	 0 	 0 	 0 	 20 	 0 	 0
1.72855e-10 	 0 	 0 	 0 	 20 	 0 	 0
1.7387e-10 	 1.602e-06 	 0 	 0 	 20 	 49.2618 	 0.0164206
1.74883e-10 	 0 	 0 	 0 	 20 	 0 	 0
1.75889e-10 	 0 	 0 	 0 	 20 	 0 	 0
1.76868e-10 	 0 	 3 	 0 	 20 	 560.533 	 0.186844
1.77838e-10 	 0 	 0 	 0 	 20 	 0 	 0
1.78846e-10 	 3.204e-06 	 0 	 0 	 20 	 99.1979 	 0.033066
1.79804e-10 	 -1.602e-06 	 0 	 0 	 20 	 -52.2152 	 -0.0174051
1.80811e-10 	 0 	 0 	 0 	 20 	 0 	 0
1.8186e-10 	 -1.602e-06 	 0 	 0 	 20 	 -47.7023 	 -0.0159008
1.82837e-10 	 1.602e-06 	 0 	 0 	 20 	 51.1788 	 0.0170596
1.8383e-10 	 4.806e-06 	 0 	 0 	 20 	 150.98 	 0.0503268
1.84867e-10 	 0 	 0 	 0 	 20 	 0 	 0
1.85851e-10 	 0 	 0 	 0 	 20 	 0 	 0
1.86884e-10 	 4.806e-06 	 0 	 0 	 20 	 145.201 	 0.0484003
1.87937e-10 	 0 	 0 	 0 	 20 	 0 	 0
1.89032e-10 	 0 	 0 	 0 	 20 	 0 	 0
1.9012e-10 	 0 	 0 	 0 	 20 	 0 	 0
1.91167e-10 	 0 	 0 	 0 	 20 	 0 	 0
1.92169e-10 	 -1.602e-06 	 0 	 0 	 20 	 -49.8719 	 -0.016624
1.93194e-10 	 0 	 0 	 0 	 20 	 0 	 0
1.94219e-10 	 0 	 0 	 0 	 20 	 0 	 0
1.95245e-10 	 0 	 0 	 0 	 20 	 0 	 0
1.96253e-10 	 0 	 0 	 0 	 20 	 0 	 0
1.97269e-10 	 0 	 0 	 0 	 20 	 0 	 0
1.98301e-10 	 0 	 0 	 0 	 20 	 0 	 0
1.99348e-10 	 0 	 0 	 0 	 20 	 0 	 0
2.00377e-10 	 0 	 0 	 0 	 20 	 0 	 0
2.01367e-10 	 0 	 0 	 0 	 20 	 0 	 0
2.0239e-10 	 0 	 0 	 0 	 20 	 0 	 0
2.03367e-10 	 0 	 0 	 0 	 20 	 0 	 0
2.04379e-10 	 0 	 0 	 0 	 20 	 0 	 0
2.05441e-10 	 0 	 0 	 0 	 20 	 0 	 0
2.06545e-10 	 0 	 0 	 0 	 20 	 0 	 0
2.07616e-10 	 1.602e-06 	 0 	 0 	 20 	 46.6561 	 0.015552
2.08655e-10 	 0 	 0 	 0 	 20 	 0 	 0
2.09698e-10 	 0 	 0 	 0 	 20 	 0 	 0
2.10698e-10 	 0 	 0 	 0 	 20 	 0 	 0
2.1168e-10 	 0 	 0 	 0 	 20 	 0 	 0
2.12842e-10 	 0 	 0 	 0 	 20 	 0 	 0
2.13945e-10 	 0 	 0 	 0 	 20 	 0 	 0
2.15021e-10 	 0 	 0 	 0 	 20 	 0 	 0
2.16008e-10 	 -1.602e-06 	 0 	 0 	 20 	 -50.644 	 -0.0168813
2.17122e-10 	 1.602e-06 	 0 	 0 	 20 	 44.8821 	 0.0149607
2.18265e-10 	 0 	 0 	 0 	 20 	 0 	 0
2.19334e-10 	 0 	 0 	 0 	 20 	 0 	 0
2.20394e-10 	 0 	 0 	 0 	 20 	 0 	 0
2.2143e-10 	 0 	 0 	 0 	 20 	 0 	 0
2.22449e-10 	 0 	 0 	 0 	 20 	 0 	 0
2.23553e-10 	 0 	 0 	 0 	 20 	 0 	 0
2.24669e-10 	 0 	 0 	 0 	 20 	 0 	 0
2.25711e-10 	 0 	 0 	 0 	 20 	 0 	 0
2.26767e-10 	 0 	 0 	 0 	 20 	 0 	 0
2.2783e-10 	 0 	 0 	 0 	 20 	 0 	 0
2.28798e-10 	 1.602e-06 	 0 	 0 	 20 	 51.6394 	 0.0172131
2.29841e-10 	 0 	 0 	 0 	 20 	 0 	 0
2.30899e-10 	 0 	 0 	 0 	 20 	 0 	 0
2.32018e-10 	 0 	 0 	 0 	 20 	 0 	 0
2.33107e-10 	 0 	 0 	 0 	 20 	 0 	 0
2.34102e-10 	 0 	 0 	 0 	 20 	 0 	 0
2.35156e-10 	 0 	 0 	 0 	 20 	 0 	 0
2.36196e-10 	 0 	 0 	 0 	 20 	 0 	 0
2.37215e-10 	 0 	 0 	 0 	 20 	 0 	 0
2.38259e-10 	 0 	 0 	 0 	 20 	 0 	 0
2.39333e-10 	 0 	 0 	 0 	 20 	 0 	 0
2.40363e-10 	 0 	 0 	 0 	 20 	 0 	 0
2.41464e-10 	 4.806e-06 	 0 	 0 	 20 	 136.276 	 0.0454255
2.42509e-10 	 1.602e-06 	 0 	 0 	 20 	 47.8404 	 0.0159468
2.43465e-10 	 0 	 0 	 0 	 20 	 0 	 0
2.44554e-10 	 -1.602e-06 	 0 	 0 	 20 	 -45.8923 	 -0.0152974
2.45581e-10 	 0 	 0 	 0 	 20 	 0 	 0
2.4666e-10 	 0 	 0 	 0 	 20 	 0 	 0
2.47661e-10 	 0 	 0 	 0 	 20 	 0 	 0
2.48718e-10 	 0 	 0 	 0 	 20 	 0 	 0
2.49761e-10 	 0 	 0 	 0 	 20 	 0 	 0
2.50835e-10 	 0 	 0 	 0 	 20 	 0 	 0
2.5185e-10 	 0 	 0 	 0 	 20 	 0 	 0
2.52942e-10 	 1.602e-06 	 0 	 0 	 20 	 45.8008 	 0.0152669
2.54032e-10 	 0 	 0 	 0 	 20 	 0 	 0
2.55146e-10 	 -1.602e-06 	 0 	 0 	 20 	 -44.8948 	 -0.0149649
2.56134e-10 	 0 	 0 	 0 	 20 	 0 	 0
2.57295e-10 	 0 	 0 	 0 	 20 	 0 	 0
2.5834e-10 	 0 	 0 	 0 	 20 	 0 	 0
2.59422e-10 	 0 	 0 	 0 	 20 	 0 	 0
2.6043e-10 	 0 	 0 	 0 	 20 	 0 	 0
2.61432e-10 	 0 	 0 	 0 	 20 	 0 	 0
2.62446e-10 	 0 	 0 	 0 	 20 	 0 	 0
2.63573e-10 	 0 	 0 	 0 	 20 	 0 	 0
2.64601e-10 	 0 	 0 	 0 	 20 	 0 	 0
2.65719e-10 	 0 	 0 	 0 	 20 	 0 	 0
2.66772e-10 	 0 	 0 	 0 	 20 	 0 	 0
2.67826e-10 	 0 	 0 	 0 	 20 	 0 	 0
2.68827e-10 	 0 	 0 	 0 	 20 	 0 	 0
2.69823e-10 	 0 	 0 	 0 	 20 	 0 	 0
2.70871e-10 	 0 	 0 	 0 	 20 	 0 	 0
2.71938e-10 	 0 	 0 	 0 	 20 	 0 	 0
2.72976e-10 	 0 	 0 	 0 	 20 	 0 	 0
2.73951e-10 	 0 	 0 	 0 	 20 	 0 	 0
2.74962e-10 	 0 	 0 	 0 	 20 	 0 	 0
2.7609e-10 	 0 	 0 	 0 	 20 	 0 	 0
2.77135e-10 	 0 	 0 	 0 	 20 	 0 	 0
2.7827e-10 	 0 	 0 	 0 	 20 	 0 	 0
2.79485e-10 	 0 	 0 	 0 	 20 	 0 	 0
2.80536e-10 	 0 	 0 	 0 	 20 	 0 	 0
2.81606e-10 	 0 	 0 	 0 	 20 	 0 	 0
2.82655e-10 	 0 	 0 	 0 	 20 	 0 	 0
2.83662e-10 	 0 	 0 	 0 	 20 	 0 	 0
2.84706e-10 	 0 	 0 	 0 	 20 	 0 	 0
2.85772e-10 	 0 	 0 	 0 	 20 	 0 	 0
2.86805e-10 	 0 	 0 	 0 	 20 	 0 	 0
2.87813e-10 	 0 	 0 	 0 	 20 	 0 	 0
2.88885e-10 	 0 	 0 	 0 	 20 	 0 	 0
2.89903e-10 	 0 	 0 	 0 	 20 	 0 	 0
2.9096e-10 	 0 	 0 	 0 	 20 	 0 	 0
2.92047e-10 	 0 	 0 	 0 	 20 	 0 	 0
2.9305e-10 	 0 	 0 	 0 	 20 	 0 	 0
2.94062e-10 	 0 	 0 	 0 	 20 	 0 	 0
2.95096e-10 	 0 	 2 	 0 	 20 	 360.837 	 0.120279
2.96037e-10 	 9.612e-06 	 1 	 0 	 20 	 24.7688 	 0.00825625
2.97049e-10 	 1.602e-06 	 0 	 0 	 20 	 49.4518 	 0.0164839
2.98049e-10 	 0 	 0 	 0 	 20 	 0 	 0
2.9919e-10 	 0 	 0 	 0 	 20 	 0 	 0
3.00363e-10 	 0 	 0 	 0 	 20 	 0 	 0
3.01413e-10 	 0 	 0 	 0 	 20 	 0 	 0
3.02496e-10 	 0 	 0 	 0 	 20 	 0 	 0
3.03541e-10 	 0 	 0 	 0 	 20 	 0 	 0
3.04622e-10 	 0 	 0 	 0 	 20 	 0 	 0
3.05662e-10 	 0 	 0 	 0 	 20 	 0 	 0
3.06697e-10 	 0 	 0 	 0 	 20 	 0 	 0
3.07816e-10 	 0 	 0 	 0 	 20 	 0 	 0
3.09044e-10 	 0 	 0 	 0 	 20 	 0 	 0
3.10084e-10 	 0 	 0 	 0 	 20 	 0 	 0
3.11154e-10 	 0 	 0 	 0 	 20 	 0 	 0
3.12271e-10 	 0 	 0 	 0 	 20 	 0 	 0
3.13426e-10 	 0 	 0 	 0 	 20 	 0 	 0
3.14497e-10 	 0 	 0 	 0 	 20 	 0 	 0
3.15641e-10 	 0 	 0 	 0 	 20 	 0 	 0
3.16686e-10 	 -1.602e-06 	 0 	 0 	 20 	 -47.8411 	 -0.015947
3.17812e-10 	 1.602e-06 	 0 	 0 	 20 	 44.3783 	 0.0147928
3.18808e-10 	 0 	 0 	 0 	 20 	 0 	 0
3.19781e-10 	 0 	 0 	 0 	 20 	 0 	 0
3.2087e-10 	 0 	 0 	 0 	 20 	 0 	 0
3.21915e-10 	 0 	 0 	 0 	 20 	 0 	 0
3.22929e-10 	 0 	 0 	 0 	 20 	 0 	 0
3.24017e-10 	 0 	 0 	 0 	 20 	 0 	 0
3.25032e-10 	 0 	 0 	 0 	 20 	 0 	 0
3.26025e-10 	 0 	 0 	 0 	 20 	 0 	 0
3.27092e-10 	 0 	 0 	 0 	 20 	 0 	 0
3.28126e-10 	 0 	 0 	 0 	 20 	 0 	 0
3.29193e-10 	 0 	 0 	 0 	 20 	 0 	 0
3.30294e-10 	 0 	 0 	 0 	 20 	 0 	 0
3.31323e-10 	 0 	 0 	 0 	 20 	 0 	 0
3.32362e-10 	 0 	 0 	 0 	 20 	 0 	 0
3.33355e-10 	 0 	 0 	 0 	 20 	 0 	 0
3.34405e-10 	 0 	 0 	 0 	 20 	 0 	 0
3.35462e-10 	 0 	 0 	 0 	 20 	 0 	 0
3.36547e-10 	 0 	 0 	 0 	 20 	 0 	 0
3.37537e-10 	 0 	 0 	 0 	 20 	 0 	 0
3.38507e-10 	 0 	 0 	 0 	 20 	 0 	 0
3.39497e-10 	 1.602e-06 	 0 	 0 	 20 	 50.5453 	 0.0168484
3.40583e-10 	 0 	 0 	 0 	 20 	 0 	 0
3.41585e-10 	 0 	 0 	 0 	 20 	 0 	 0
3.42607e-10 	 0 	 0 	 0 	 20 	 0 	 0
3.43651e-10 	 0 	 0 	 0 	 20 	 0 	 0
3.44715e-10 	 0 	 0 	 0 	 20 	 0 	 0
3.45809e-10 	 0 	 0 	 0 	 20 	 0 	 0
3.4685e-10 	 0 	 0 	 0 	 20 	 0 	 0
3.47911e-10 	 0 	 0 	 0 	 20 	 0 	 0
3.48966e-10 	 0 	 0 	 0 	 20 	 0 	 0
3.50001e-10 	 0 	 0 	 0 	 20 	 0 	 0
3.51086e-10 	 0 	 0 	 0 	 20 	 0 	 0
3.52138e-10 	 0 	 0 	 0 	 20 	 0 	 0
3.53189e-10 	 0 	 0 	 0 	 20 	 0 	 0
3.54221e-10 	 0 	 0 	 0 	 20 	 0 	 0
3.55243e-10 	 1.602e-06 	 0 	 0 	 20 	 48.9609 	 0.0163203
3.56294e-10 	 -1.602e-06 	 0 	 0 	 20 	 -47.5741 	 -0.015858
3.57321e-10 	 0 	 0 	 0 	 20 	 0 	 0
3.58403e-10 	 0 	 0 	 0 	 20 	 0 	 0
3.5938e-10 	 0 	 0 	 0 	 20 	 0 	 0
3.6045e-10 	 0 	 0 	 0 	 20 	 0 	 0
3.61435e-10 	 4.806e-06 	 0 	 0 	 20 	 152.229 	 0.0507429
3.62568e-10 	 1.602e-06 	 0 	 0 	 20 	 44.1484 	 0.0147161
3.63733e-10 	 0 	 0 	 0 	 20 	 0 	 0
3.64871e-10 	 0 	 0 	 0 	 20 	 0 	 0
3.65932e-10 	 0 	 0 	 0 	 20 	 0 	 0
3.67067e-10 	 0 	 0 	 0 	 20 	 0 	 0
3.68161e-10 	 0 	 0 	 0 	 20 	 0 	 0
3.69171e-10 	 0 	 0 	 0 	 20 	 0 	 0
3.70175e-10 	 0 	 0 	 0 	 20 	 0 	 0
3.71257e-10 	 0 	 0 	 0 	 20 	 0 	 0
3.72348e-10 	 0 	 0 	 0 	 20 	 0 	 0
3.73346e-10 	 0 	 0 	 0 	 20 	 0 	 0
3.74358e-10 	 0 	 0 	 0 	 20 	 0 	 0
3.75513e-10 	 0 	 0 	 0 	 20 	 0 	 0
3.76582e-10 	 0 	 0 	 0 	 20 	 0 	 0
3.77674e-10 	 0 	 0 	 0 	 20 	 0 	 0
3.78661e-10 	 0 	 0 	 0 	 20 	 0 	 0
3.7973e-10 	 0 	 0 	 0 	 20 	 0 	 0
3.80739e-10 	 0 	 0 	 0 	 20 	 0 	 0
3.81767e-10 	 0 	 0 	 0 	 20 	 0 	 0
3.82749e-10 	 0 	 0 	 0 	 20 	 0 	 0
3.83812e-10 	 0 	 0 	 0 	 20 	 0 	 0
3.8484e-10 	 0 	 0 	 0 	 20 	 0 	 0
3.85811e-10 	 0 	 0 	 0 	 20 	 0 	 0
3.86899e-10 	 0 	 0 	 0 	 20 	 0 	 0
3.87958e-10 	 0 	 0 	 0 	 20 	 0 	 0
3.89061e-10 	 0 	 0 	 0 	 20 	 0 	 0
3.9011e-10 	 0 	 0 	 0 	 20 	 0 	 0
3.91263e-10 	 0 	 0 	 0 	 20 	 0 	 0
3.92279e-10 	 0 	 0 	 0 	 20 	 0 	 0
3.93358e-10 	 0 	 0 	 0 	 20 	 0 	 0
3.94309e-10 	 0 	 0 	 0 	 20 	 0 	 0
3.95309e-10 	 0 	 0 	 0 	 20 	 0 	 0
3.96325e-10 	 0 	 0 	 0 	 20 	 0 	 0
3.97375e-10 	 0 	 0 	 0 	 20 	 0 	 0
3.98563e-10 	 0 	 0 	 0 	 20 	 0 	 0
3.99663e-10 	 0 	 0 	 0 	 20 	 0 	 0
4.00626e-10 	 0 	 0 	 0 	 20 	 0 	 0
4.01601e-10 	 0 	 0 	 0 	 20 	 0 	 0
4.02613e-10 	 0 	 0 	 0 	 20 	 0 	 0
4.03588e-10 	 0 	 0 	 0 	 20 	 0 	 0
4.04587e-10 	 0 	 0 	 0 	 20 	 0 	 0
4.0559e-10 	 0 	 0 	 0 	 20 	 0 	 0
4.06583e-10 	 0 	 0 	 0 	 20 	 0 	 0
4.07701e-10 	 0 	 0 	 0 	 20 	 0 	 0
4.08738e-10 	 0 	 0 	 0 	 20 	 0 	 0
4.09808e-10 	 0 	 0 	 0 	 20 	 0 	 0
4.10839e-10 	 0 	 0 	 0 	 20 	 0 	 0
4.11891e-10 	 0 	 0 	 0 	 20 	 0 	 0
4.13005e-10 	 0 	 0 	 0 	 20 	 0 	 0
4.13996e-10 	 0 	 0 	 0 	 20 	 0 	 0
4.15051e-10 	 0 	 0 	 0 	 20 	 0 	 0
4.16113e-10 	 0 	 0 	 0 	 20 	 0 	 0
4.17179e-10 	 0 	 0 	 0 	 20 	 0 	 0
4.18185e-10 	 0 	 0 	 0 	 20 	 0 	 0
4.19239e-10 	 0 	 0 	 0 	 20 	 0 	 0
4.20364e-10 	 0 	 0 	 0 	 20 	 0 	 0
4.21433e-10 	 0 	 0 	 0 	 20 	 0 	 0
4.22593e-10 	 0 	 0 	 0 	 20 	 0 	 0
4.23661e-10 	 0 	 0 	 0 	 20 	 0 	 0
4.2465e-10 	 0 	 0 	 0 	 20 	 0 	 0
4.25631e-10 	 0 	 0 	 0 	 20 	 0 	 0
4.26714e-10 	 0 	 0 	 0 	 20 	 0 	 0
4.27867e-10 	 0 	 0 	 0 	 20 	 0 	 0
4.28883e-10 	 0 	 0 	 0 	 20 	 0 	 0
4.29871e-10 	 0 	 0 	 0 	 20 	 0 	 0
4.30862e-10 	 0 	 0 	 0 	 20 	 0 	 0
4.31892e-10 	 0 	 0 	 0 	 20 	 0 	 0
4.329e-10 	 0 	 0 	 0 	 20 	 0 	 0
4.33933e-10 	 0 	 0 	 0 	 20 	 0 	 0
4.34954e-10 	 0 	 0 	 0 	 20 	 0 	 0
4.3614e-10 	 0 	 0 	 0 	 20 	 0 	 0
4.37273e-10 	 0 	 0 	 0 	 20 	 0 	 0
4.38307e-10 	 0 	 0 	 0 	 20 	 0 	 0
4.39387e-10 	 0 	 0 	 0 	 20 	 0 	 0
4.40413e-10 	 0 	 0 	 0 	 20 	 0 	 0
4.41442e-10 	 0 	 0 	 0 	 20 	 0 	 0
4.42477e-10 	 0 	 0 	 0 	 20 	 0 	 0
4.4353e-10 	 0 	 0 	 0 	 20 	 0 	 0
4.44589e-10 	 0 	 0 	 0 	 20 	 0 	 0
4.45713e-10 	 0 	 0 	 0 	 20 	 0 	 0
4.46852e-10 	 0 	 0 	 0 	 20 	 0 	 0
4.47916e-10 	 0 	 0 	 0 	 20 	 0 	 0
4.48976e-10 	 0 	 0 	 0 	 20 	 0 	 0
4.50064e-10 	 0 	 0 	 0 	 20 	 0 	 0
4.5106e-10 	 0 	 0 	 0 	 20 	 0 	 0
4.52119e-10 	 0 	 0 	 0 	 20 	 0 	 0
4.53156e-10 	 0 	 0 	 0 	 20 	 0 	 0
4.54199e-10 	 0 	 0 	 0 	 20 	 0 	 0
4.55186e-10 	 0 	 0 	 0 	 20 	 0 	 0
4.5622e-10 	 0 	 0 	 0 	 20 	 0 	 0
4.57201e-10 	 0 	 0 	 0 	 20 	 0 	 0
4.58238e-10 	 0 	 0 	 0 	 20 	 0 	 0
4.59215e-10 	 1.4418e-05 	 0 	 0 	 20 	 460.433 	 0.153478
4.60262e-10 	 0 	 0 	 0 	 20 	 0 	 0
4.61284e-10 	 -1.602e-06 	 0 	 0 	 20 	 -48.8924 	 -0.0162975
4.62331e-10 	 0 	 0 	 0 	 20 	 0 	 0
4.63531e-10 	 0 	 0 	 0 	 20 	 0 	 0
4.64519e-10 	 0 	 0 	 0 	 20 	 0 	 0
4.6578e-10 	 0 	 0 	 0 	 20 	 0 	 0
4.6685e-10 	 0 	 0 	 0 	 20 	 0 	 0
4.67918e-10 	 0 	 0 	 0 	 20 	 0 	 0
4.6902e-10 	 0 	 0 	 0 	 20 	 0 	 0
4.70035e-10 	 0 	 0 	 0 	 20 	 0 	 0
4.71093e-10 	 0 	 0 	 0 	 20 	 0 	 0
4.72147e-10 	 0 	 0 	 0 	 20 	 0 	 0
4.7309e-10 	 0 	 0 	 0 	 20 	 0 	 0
4.74128e-10 	 0 	 0 	 0 	 20 	 0 	 0
4.75197e-10 	 0 	 0 	 0 	 20 	 0 	 0
4.76243e-10 	 0 	 0 	 0 	 20 	 0 	 0
4.77283e-10 	 0 	 0 	 0 	 20 	 0 	 0
4.78377e-10 	 0 	 0 	 0 	 20 	 0 	 0
4.79399e-10 	 0 	 0 	 0 	 20 	 0 	 0
4.80387e-10 	 0 	 0 	 0 	 20 	 0 	 0
4.81407e-10 	 0 	 0 	 0 	 20 	 0 	 0
4.82457e-10 	 0 	 0 	 0 	 20 	 0 	 0
4.83455e-10 	 0 	 0 	 0 	 20 	 0 	 0
4.84463e-10 	 0 	 0 	 0 	 20 	 0 	 0
4.85482e-10 	 0 	 0 	 0 	 20 	 0 	 0
4.86561e-10 	 0 	 0 	 0 	 20 	 0 	 0
4.87667e-10 	 0 	 0 	 0 	 20 	 0 	 0
4.88706e-10 	 0 	 0 	 0 	 20 	 0 	 0
4.89785e-10 	 0 	 0 	 0 	 20 	 0 	 0
4.90833e-10 	 0 	 0 	 0 	 20 	 0 	 0
4.9194e-10 	 0 	 0 	 0 	 20 	 0 	 0
4.93061e-10 	 -1.602e-06 	 0 	 0 	 20 	 -44.6301 	 -0.0148767
4.94252e-10 	 0 	 0 	 0 	 20 	 0 	 0
4.9527e-10 	 0 	 0 	 0 	 20 	 0 	 0
4.96287e-10 	 0 	 0 	 0 	 20 	 0 	 0
4.97289e-10 	 0 	 0 	 0 	 20 	 0 	 0
4.9837e-10 	 0 	 0 	 0 	 20 	 0 	 0
4.99357e-10 	 0 	 0 	 0 	 20 	 0 	 0
5.00337e-10 	 0 	 0 	 0 	 20 	 0 	 0
5.01437e-10 	 0 	 0 	 0 	 20 	 0 	 0
5.02483e-10 	 0 	 0 	 0 	 20 	 0 	 0
5.03581e-10 	 0 	 0 	 0 	 20 	 0 	 0
5.04632e-10 	 0 	 0 	 0 	 20 	 0 	 0
5.05691e-10 	 -3.204e-06 	 0 	 0 	 20 	 -94.4168 	 -0.0314723
5.06697e-10 	 0 	 0 	 0 	 20 	 0 	 0
5.0766e-10 	 0 	 0 	 0 	 20 	 0 	 0
5.08756e-10 	 0 	 0 	 0 	 20 	 0 	 0
5.09802e-10 	 0 	 0 	 0 	 20 	 0 	 0
5.10907e-10 	 0 	 0 	 0 	 20 	 0 	 0
5.12055e-10 	 0 	 0 	 0 	 20 	 0 	 0
5.13005e-10 	 0 	 0 	 0 	 20 	 0 	 0
5.14225e-10 	 0 	 0 	 0 	 20 	 0 	 0
5.1523e-10 	 0 	 0 	 0 	 20 	 0 	 0
5.16264e-10 	 0 	 0 	 0 	 20 	 0 	 0
5.17296e-10 	 0 	 0 	 0 	 20 	 0 	 0
5.18349e-10 	 0 	 0 	 0 	 20 	 0 	 0
5.19439e-10 	 0 	 0 	 0 	 20 	 0 	 0
5.20509e-10 	 0 	 0 	 0 	 20 	 0 	 0
5.21522e-10 	 0 	 0 	 0 	 20 	 0 	 0
5.2258e-10 	 0 	 0 	 0 	 20 	 0 	 0
5.23681e-10 	 0 	 0 	 0 	 20 	 0 	 0
5.24667e-10 	 0 	 0 	 0 	 20 	 0 	 0
5.25691e-10 	 0 	 0 	 0 	 20 	 0 	 0
5.26775e-10 	 0 	 0 	 0 	 20 	 0 	 0
5.27755e-10 	 0 	 0 	 0 	 20 	 0 	 0
5.28819e-10 	 0 	 0 	 0 	 20 	 0 	 0
