1.00832e-12 	 2.7234e-05 	 6 	 0 	 20 	 1607.97 	 1.07198
2.01861e-12 	 8.01e-06 	 5 	 0 	 20 	 -344.984 	 -0.229989
3.13736e-12 	 -1.602e-06 	 0 	 0 	 20 	 -44.6927 	 -0.0297951
4.37066e-12 	 9.612e-06 	 1 	 0 	 20 	 978.717 	 0.652478
5.40104e-12 	 8.01e-06 	 0 	 0 	 20 	 242.629 	 0.161753
6.4146e-12 	 6.408e-06 	 0 	 0 	 20 	 197.324 	 0.131549
7.52869e-12 	 0 	 0 	 0 	 20 	 0 	 0
8.97253e-12 	 -3.204e-06 	 0 	 0 	 20 	 -69.2598 	 -0.0461732
1.01251e-11 	 3.204e-06 	 0 	 0 	 20 	 86.7628 	 0.0578419
1.14675e-11 	 0 	 0 	 0 	 20 	 0 	 0
1.25185e-11 	 3.204e-06 	 1 	 0 	 20 	 98.0205 	 0.065347
1.36349e-11 	 -1.602e-06 	 0 	 0 	 20 	 -44.7871 	 -0.0298581
1.46938e-11 	 -1.602e-06 	 0 	 0 	 20 	 -47.2167 	 -0.0314778
1.57434e-11 	 0 	 0 	 0 	 20 	 0 	 0
1.68455e-11 	 3.204e-06 	 0 	 0 	 20 	 90.7329 	 0.0604886
1.80209e-11 	 -1.602e-06 	 0 	 0 	 20 	 -42.5385 	 -0.028359
1.95063e-11 	 0 	 0 	 0 	 20 	 0 	 0
2.08128e-11 	 1.602e-06 	 0 	 0 	 20 	 38.2693 	 0.0255129
2.19705e-11 	 1.602e-06 	 0 	 0 	 20 	 43.1887 	 0.0287925
2.36987e-11 	 -1.602e-06 	 0 	 0 	 20 	 -28.9325 	 -0.0192883
2.53647e-11 	 0 	 0 	 0 	 20 	 0 	 0
2.66598e-11 	 1.602e-06 	 0 	 0 	 20 	 38.6067 	 0.0257378
2.79765e-11 	 1.602e-06 	 0 	 0 	 20 	 37.9727 	 0.0253152
2.90627e-11 	 3.204e-06 	 0 	 0 	 20 	 92.066 	 0.0613773
3.05053e-11 	 9.612e-06 	 0 	 0 	 20 	 207.955 	 0.138636
3.20269e-11 	 -1.602e-06 	 0 	 0 	 20 	 -32.8616 	 -0.0219077
3.31982e-11 	 1.602e-06 	 3 	 0 	 20 	 203.224 	 0.135483
3.45175e-11 	 6.408e-06 	 0 	 0 	 20 	 151.591 	 0.101061
3.78322e-11 	 0 	 0 	 0 	 20 	 0 	 0
4.10696e-11 	 1.602e-06 	 0 	 0 	 20 	 15.4444 	 0.0102962
4.67476e-11 	 0 	 0 	 0 	 20 	 0 	 0
4.82162e-11 	 0 	 0 	 0 	 20 	 0 	 0
4.96564e-11 	 0 	 0 	 0 	 20 	 0 	 0
5.13486e-11 	 0 	 0 	 0 	 20 	 0 	 0
5.2753e-11 	 -3.204e-06 	 0 	 0 	 20 	 -71.2061 	 -0.0474707
5.4493e-11 	 3.204e-06 	 0 	 0 	 20 	 57.4728 	 0.0383152
5.56357e-11 	 1.602e-06 	 0 	 0 	 20 	 43.7544 	 0.0291696
5.73458e-11 	 0 	 0 	 0 	 20 	 0 	 0
5.91652e-11 	 0 	 0 	 0 	 20 	 0 	 0
6.06304e-11 	 0 	 0 	 0 	 20 	 0 	 0
6.19655e-11 	 0 	 0 	 0 	 20 	 0 	 0
6.35056e-11 	 0 	 0 	 0 	 20 	 0 	 0
6.46933e-11 	 1.602e-06 	 0 	 0 	 20 	 42.0985 	 0.0280657
6.60625e-11 	 1.602e-06 	 0 	 0 	 20 	 36.5175 	 0.024345
6.73417e-11 	 0 	 0 	 0 	 20 	 0 	 0
6.87093e-11 	 0 	 0 	 0 	 20 	 0 	 0
6.99013e-11 	 1.602e-06 	 0 	 0 	 20 	 41.947 	 0.0279647
7.11354e-11 	 0 	 0 	 0 	 20 	 0 	 0
7.2626e-11 	 0 	 0 	 0 	 20 	 0 	 0
7.40458e-11 	 0 	 0 	 0 	 20 	 0 	 0
7.53839e-11 	 0 	 0 	 0 	 20 	 0 	 0
7.65793e-11 	 0 	 0 	 0 	 20 	 0 	 0
7.79603e-11 	 -1.602e-06 	 0 	 0 	 20 	 -36.2056 	 -0.0241371
7.93851e-11 	 1.602e-06 	 0 	 0 	 20 	 35.0946 	 0.0233964
8.07902e-11 	 0 	 0 	 0 	 20 	 0 	 0
8.22603e-11 	 0 	 0 	 0 	 20 	 0 	 0
8.38651e-11 	 0 	 0 	 0 	 20 	 0 	 0
8.55283e-11 	 0 	 0 	 0 	 20 	 0 	 0
8.66221e-11 	 0 	 0 	 0 	 20 	 0 	 0
8.79145e-11 	 -1.602e-06 	 1 	 0 	 20 	 146.878 	 0.0979189
8.91358e-11 	 9.612e-06 	 0 	 0 	 20 	 245.643 	 0.163762
9.07207e-11 	 0 	 0 	 0 	 20 	 0 	 0
9.2029e-11 	 0 	 0 	 0 	 20 	 0 	 0
9.36305e-11 	 0 	 0 	 0 	 20 	 0 	 0
9.49155e-11 	 0 	 0 	 0 	 20 	 0 	 0
9.6187e-11 	 0 	 0 	 0 	 20 	 0 	 0
9.78815e-11 	 0 	 0 	 0 	 20 	 0 	 0
9.92183e-11 	 0 	 0 	 0 	 20 	 0 	 0
1.0064e-10 	 0 	 0 	 0 	 20 	 0 	 0
1.02407e-10 	 0 	 0 	 0 	 20 	 0 	 0
1.04191e-10 	 0 	 0 	 0 	 20 	 0 	 0
1.05548e-10 	 -3.204e-06 	 0 	 0 	 20 	 -73.7164 	 -0.0491443
1.07654e-10 	 -1.602e-06 	 0 	 0 	 20 	 -23.7361 	 -0.0158241
1.09127e-10 	 1.602e-06 	 0 	 0 	 20 	 33.957 	 0.022638
1.10837e-10 	 0 	 0 	 0 	 20 	 0 	 0
1.12459e-10 	 0 	 0 	 0 	 20 	 0 	 0
1.13802e-10 	 0 	 0 	 0 	 20 	 0 	 0
1.15181e-10 	 0 	 0 	 0 	 20 	 0 	 0
1.17117e-10 	 0 	 0 	 0 	 20 	 0 	 0
1.18795e-10 	 0 	 0 	 0 	 20 	 0 	 0
1.20126e-10 	 0 	 0 	 0 	 20 	 0 	 0
1.21985e-10 	 0 	 0 	 0 	 20 	 0 	 0
1.23436e-10 	 0 	 0 	 0 	 20 	 0 	 0
1.25342e-10 	 0 	 0 	 0 	 20 	 0 	 0
1.27045e-10 	 0 	 0 	 0 	 20 	 0 	 0
1.28633e-10 	 0 	 0 	 0 	 20 	 0 	 0
1.29959e-10 	 0 	 0 	 0 	 20 	 0 	 0
1.31306e-10 	 0 	 0 	 0 	 20 	 0 	 0
1.32974e-10 	 0 	 0 	 0 	 20 	 0 	 0
1.34222e-10 	 0 	 0 	 0 	 20 	 0 	 0
1.35521e-10 	 0 	 0 	 0 	 20 	 0 	 0
1.36756e-10 	 0 	 0 	 0 	 20 	 0 	 0
1.38622e-10 	 0 	 0 	 0 	 20 	 0 	 0
1.40286e-10 	 0 	 0 	 0 	 20 	 0 	 0
1.41705e-10 	 0 	 0 	 0 	 20 	 0 	 0
1.43099e-10 	 0 	 0 	 0 	 20 	 0 	 0
1.44317e-10 	 0 	 0 	 0 	 20 	 0 	 0
1.45638e-10 	 0 	 0 	 0 	 20 	 0 	 0
1.47049e-10 	 0 	 0 	 0 	 20 	 0 	 0
1.48474e-10 	 0 	 0 	 0 	 20 	 0 	 0
1.50107e-10 	 0 	 0 	 0 	 20 	 0 	 0
1.51811e-10 	 0 	 0 	 0 	 20 	 0 	 0
1.53245e-10 	 0 	 0 	 0 	 20 	 0 	 0
1.54702e-10 	 0 	 0 	 0 	 20 	 0 	 0
1.56199e-10 	 0 	 0 	 0 	 20 	 0 	 0
1.58016e-10 	 0 	 0 	 0 	 20 	 0 	 0
1.59554e-10 	 0 	 0 	 0 	 20 	 0 	 0
1.60898e-10 	 1.602e-06 	 0 	 0 	 20 	 37.2062 	 0.0248041
1.62678e-10 	 0 	 0 	 0 	 20 	 0 	 0
1.6432e-10 	 0 	 0 	 0 	 20 	 0 	 0
1.66106e-10 	 0 	 0 	 0 	 20 	 0 	 0
1.67869e-10 	 0 	 0 	 0 	 20 	 0 	 0
1.6931e-10 	 0 	 0 	 0 	 20 	 0 	 0
1.70768e-10 	 0 	 0 	 0 	 20 	 0 	 0
1.71997e-10 	 6.408e-06 	 0 	 0 	 20 	 162.778 	 0.108519
1.7332e-10 	 0 	 0 	 0 	 20 	 0 	 0
1.74448e-10 	 0 	 0 	 0 	 20 	 0 	 0
1.75957e-10 	 0 	 0 	 0 	 20 	 0 	 0
1.77458e-10 	 0 	 0 	 0 	 20 	 0 	 0
1.78746e-10 	 0 	 0 	 0 	 20 	 0 	 0
1.80336e-10 	 0 	 0 	 0 	 20 	 0 	 0
1.82013e-10 	 0 	 0 	 0 	 20 	 0 	 0
1.83423e-10 	 0 	 0 	 0 	 20 	 0 	 0
1.84867e-10 	 0 	 0 	 0 	 20 	 0 	 0
1.8633e-10 	 0 	 0 	 0 	 20 	 0 	 0
1.874e-10 	 0 	 0 	 0 	 20 	 0 	 0
1.89244e-10 	 -3.204e-06 	 0 	 0 	 20 	 -54.2524 	 -0.0361683
1.90499e-10 	 0 	 0 	 0 	 20 	 0 	 0
1.92214e-10 	 0 	 0 	 0 	 20 	 0 	 0
1.93594e-10 	 0 	 0 	 0 	 20 	 0 	 0
1.94943e-10 	 1.602e-06 	 0 	 0 	 20 	 37.0748 	 0.0247165
1.96248e-10 	 -1.602e-06 	 0 	 0 	 20 	 -38.3221 	 -0.0255481
1.97842e-10 	 -1.602e-06 	 0 	 0 	 20 	 -31.3558 	 -0.0209039
1.99071e-10 	 0 	 3 	 0 	 20 	 -20.4336 	 -0.0136224
2.00512e-10 	 -1.602e-06 	 1 	 0 	 20 	 10.6541 	 0.00710276
2.01798e-10 	 1.602e-06 	 0 	 0 	 20 	 38.9018 	 0.0259345
2.0334e-10 	 0 	 0 	 0 	 20 	 0 	 0
2.04662e-10 	 -1.602e-06 	 0 	 0 	 20 	 -37.8198 	 -0.0252132
2.06248e-10 	 8.01e-06 	 0 	 0 	 20 	 157.602 	 0.105068
2.08028e-10 	 1.602e-06 	 0 	 0 	 20 	 28.0949 	 0.0187299
2.09466e-10 	 0 	 0 	 0 	 20 	 0 	 0
2.11015e-10 	 -1.602e-06 	 0 	 0 	 20 	 -32.2828 	 -0.0215219
2.1269e-10 	 3.204e-06 	 0 	 0 	 20 	 59.7002 	 0.0398002
2.14381e-10 	 0 	 0 	 0 	 20 	 0 	 0
2.16146e-10 	 0 	 0 	 0 	 20 	 0 	 0
2.17421e-10 	 0 	 0 	 0 	 20 	 0 	 0
2.19239e-10 	 0 	 0 	 0 	 20 	 0 	 0
2.20847e-10 	 0 	 0 	 0 	 20 	 0 	 0
2.22385e-10 	 0 	 0 	 0 	 20 	 0 	 0
2.24055e-10 	 0 	 0 	 0 	 20 	 0 	 0
2.25872e-10 	 0 	 0 	 0 	 20 	 0 	 0
2.27282e-10 	 0 	 0 	 0 	 20 	 0 	 0
2.28878e-10 	 0 	 0 	 0 	 20 	 0 	 0
2.31015e-10 	 0 	 0 	 0 	 20 	 0 	 0
2.32504e-10 	 0 	 0 	 0 	 20 	 0 	 0
2.34162e-10 	 0 	 0 	 0 	 20 	 0 	 0
2.35789e-10 	 0 	 0 	 0 	 20 	 0 	 0
2.37482e-10 	 0 	 0 	 0 	 20 	 0 	 0
2.38643e-10 	 1.602e-06 	 0 	 0 	 20 	 43.0815 	 0.028721
2.40902e-10 	 0 	 0 	 0 	 20 	 0 	 0
2.42512e-10 	 0 	 0 	 0 	 20 	 0 	 0
2.43817e-10 	 0 	 0 	 0 	 20 	 0 	 0
2.45377e-10 	 0 	 0 	 0 	 20 	 0 	 0
2.46934e-10 	 -1.602e-06 	 1 	 0 	 20 	 45.6858 	 0.0304572
2.48408e-10 	 0 	 3 	 0 	 20 	 -90.414 	 -0.060276
2.50226e-10 	 0 	 0 	 0 	 20 	 0 	 0
2.5179e-10 	 0 	 0 	 0 	 20 	 0 	 0
2.53179e-10 	 0 	 0 	 0 	 20 	 0 	 0
2.54683e-10 	 0 	 0 	 0 	 20 	 0 	 0
2.56876e-10 	 0 	 0 	 0 	 20 	 0 	 0
2.58618e-10 	 0 	 0 	 0 	 20 	 0 	 0
2.60168e-10 	 0 	 0 	 0 	 20 	 0 	 0
2.62805e-10 	 0 	 0 	 0 	 20 	 0 	 0
2.64319e-10 	 0 	 0 	 0 	 20 	 0 	 0
2.66271e-10 	 0 	 0 	 0 	 20 	 0 	 0
2.67768e-10 	 0 	 0 	 0 	 20 	 0 	 0
2.69321e-10 	 0 	 0 	 0 	 20 	 0 	 0
2.70849e-10 	 0 	 0 	 0 	 20 	 0 	 0
2.72592e-10 	 0 	 0 	 0 	 20 	 0 	 0
2.74359e-10 	 0 	 0 	 0 	 20 	 0 	 0
2.75797e-10 	 0 	 0 	 0 	 20 	 0 	 0
2.77388e-10 	 0 	 0 	 0 	 20 	 0 	 0
2.79116e-10 	 0 	 0 	 0 	 20 	 0 	 0
2.80987e-10 	 0 	 0 	 0 	 20 	 0 	 0
2.82248e-10 	 0 	 0 	 0 	 20 	 0 	 0
2.83649e-10 	 0 	 0 	 0 	 20 	 0 	 0
2.851e-10 	 0 	 0 	 0 	 20 	 0 	 0
2.8672e-10 	 0 	 0 	 0 	 20 	 0 	 0
2.88263e-10 	 0 	 0 	 0 	 20 	 0 	 0
2.89623e-10 	 0 	 0 	 0 	 20 	 0 	 0
2.91441e-10 	 0 	 0 	 0 	 20 	 0 	 0
2.92818e-10 	 0 	 0 	 0 	 20 	 0 	 0
2.94473e-10 	 0 	 0 	 0 	 20 	 0 	 0
2.96073e-10 	 0 	 0 	 0 	 20 	 0 	 0
2.97884e-10 	 0 	 0 	 0 	 20 	 0 	 0
2.9949e-10 	 -1.602e-06 	 0 	 0 	 20 	 -31.1323 	 -0.0207549
3.00968e-10 	 3.204e-06 	 0 	 0 	 20 	 67.6762 	 0.0451174
3.02236e-10 	 0 	 0 	 0 	 20 	 0 	 0
3.036e-10 	 0 	 0 	 0 	 20 	 0 	 0
3.05042e-10 	 0 	 0 	 0 	 20 	 0 	 0
3.06771e-10 	 0 	 0 	 0 	 20 	 0 	 0
3.08165e-10 	 0 	 0 	 0 	 20 	 0 	 0
3.09517e-10 	 1.602e-06 	 0 	 0 	 20 	 36.9636 	 0.0246424
3.10824e-10 	 1.602e-06 	 0 	 0 	 20 	 38.2661 	 0.0255107
3.12053e-10 	 0 	 0 	 0 	 20 	 0 	 0
3.13446e-10 	 0 	 0 	 0 	 20 	 0 	 0
3.15176e-10 	 0 	 0 	 0 	 20 	 0 	 0
3.16986e-10 	 0 	 0 	 0 	 20 	 0 	 0
3.18427e-10 	 -1.602e-06 	 0 	 0 	 20 	 -34.7107 	 -0.0231405
3.19701e-10 	 1.602e-06 	 0 	 0 	 20 	 39.247 	 0.0261647
3.21778e-10 	 0 	 0 	 0 	 20 	 0 	 0
3.23139e-10 	 -1.602e-06 	 0 	 0 	 20 	 -36.735 	 -0.02449
3.2461e-10 	 0 	 0 	 0 	 20 	 0 	 0
3.26631e-10 	 0 	 0 	 0 	 20 	 0 	 0
3.28116e-10 	 0 	 0 	 0 	 20 	 0 	 0
3.29733e-10 	 0 	 0 	 0 	 20 	 0 	 0
3.31129e-10 	 0 	 0 	 0 	 20 	 0 	 0
3.32485e-10 	 0 	 0 	 0 	 20 	 0 	 0
3.34251e-10 	 0 	 0 	 0 	 20 	 0 	 0
3.35765e-10 	 3.204e-06 	 0 	 0 	 20 	 66.0738 	 0.0440492
3.37277e-10 	 3.204e-06 	 0 	 0 	 20 	 66.0983 	 0.0440655
3.38818e-10 	 0 	 0 	 0 	 20 	 0 	 0
3.40652e-10 	 0 	 0 	 0 	 20 	 0 	 0
3.41898e-10 	 0 	 0 	 0 	 20 	 0 	 0
3.43209e-10 	 0 	 0 	 0 	 20 	 0 	 0
3.45374e-10 	 -1.602e-06 	 0 	 0 	 20 	 -23.0915 	 -0.0153944
3.46917e-10 	 1.602e-06 	 0 	 0 	 20 	 32.4028 	 0.0216019
3.48344e-10 	 0 	 0 	 0 	 20 	 0 	 0
3.49823e-10 	 0 	 0 	 0 	 20 	 0 	 0
3.51566e-10 	 0 	 0 	 0 	 20 	 0 	 0
3.52871e-10 	 0 	 0 	 0 	 20 	 0 	 0
3.54621e-10 	 0 	 0 	 0 	 20 	 0 	 0
3.56378e-10 	 0 	 0 	 0 	 20 	 0 	 0
3.57702e-10 	 0 	 0 	 0 	 20 	 0 	 0
3.59036e-10 	 0 	 0 	 0 	 20 	 0 	 0
3.60467e-10 	 0 	 0 	 0 	 20 	 0 	 0
3.62383e-10 	 0 	 0 	 0 	 20 	 0 	 0
3.64045e-10 	 -1.602e-06 	 0 	 0 	 20 	 -30.0847 	 -0.0200565
3.65239e-10 	 1.602e-06 	 0 	 0 	 20 	 41.8669 	 0.0279113
3.66606e-10 	 0 	 0 	 0 	 20 	 0 	 0
3.68129e-10 	 0 	 0 	 0 	 20 	 0 	 0
3.69629e-10 	 0 	 0 	 0 	 20 	 0 	 0
3.71436e-10 	 0 	 0 	 0 	 20 	 0 	 0
3.7299e-10 	 0 	 0 	 0 	 20 	 0 	 0
3.74542e-10 	 0 	 0 	 0 	 20 	 0 	 0
3.76471e-10 	 -1.602e-06 	 0 	 0 	 20 	 -25.9171 	 -0.017278
3.77918e-10 	 0 	 0 	 0 	 20 	 0 	 0
3.79745e-10 	 0 	 0 	 0 	 20 	 0 	 0
3.81539e-10 	 1.602e-06 	 0 	 0 	 20 	 27.8633 	 0.0185755
3.8287e-10 	 0 	 0 	 0 	 20 	 0 	 0
3.84386e-10 	 0 	 0 	 0 	 20 	 0 	 0
3.8609e-10 	 0 	 0 	 0 	 20 	 0 	 0
3.88145e-10 	 0 	 0 	 0 	 20 	 0 	 0
3.90055e-10 	 0 	 0 	 0 	 20 	 0 	 0
3.91759e-10 	 0 	 0 	 0 	 20 	 0 	 0
3.94167e-10 	 0 	 0 	 0 	 20 	 0 	 0
3.95393e-10 	 0 	 0 	 0 	 20 	 0 	 0
3.96936e-10 	 0 	 0 	 0 	 20 	 0 	 0
3.98765e-10 	 0 	 0 	 0 	 20 	 0 	 0
4.00377e-10 	 0 	 0 	 0 	 20 	 0 	 0
4.01664e-10 	 0 	 0 	 0 	 20 	 0 	 0
4.03354e-10 	 0 	 0 	 0 	 20 	 0 	 0
4.04723e-10 	 0 	 0 	 0 	 20 	 0 	 0
4.06476e-10 	 0 	 0 	 0 	 20 	 0 	 0
4.08263e-10 	 0 	 0 	 0 	 20 	 0 	 0
4.10122e-10 	 0 	 0 	 0 	 20 	 0 	 0
4.11402e-10 	 0 	 0 	 0 	 20 	 0 	 0
4.13213e-10 	 0 	 0 	 0 	 20 	 0 	 0
4.14553e-10 	 0 	 0 	 0 	 20 	 0 	 0
4.16337e-10 	 0 	 0 	 0 	 20 	 0 	 0
4.18065e-10 	 0 	 0 	 0 	 20 	 0 	 0
4.19736e-10 	 0 	 0 	 0 	 20 	 0 	 0
4.21356e-10 	 0 	 0 	 0 	 20 	 0 	 0
4.24244e-10 	 0 	 0 	 0 	 20 	 0 	 0
4.2588e-10 	 0 	 0 	 0 	 20 	 0 	 0
4.27761e-10 	 0 	 0 	 0 	 20 	 0 	 0
4.29424e-10 	 -1.602e-06 	 0 	 0 	 20 	 -30.0674 	 -0.020045
4.31437e-10 	 0 	 0 	 0 	 20 	 0 	 0
4.32755e-10 	 0 	 0 	 0 	 20 	 0 	 0
4.34101e-10 	 0 	 0 	 0 	 20 	 0 	 0
4.35986e-10 	 0 	 0 	 0 	 20 	 0 	 0
4.38432e-10 	 0 	 0 	 0 	 20 	 0 	 0
4.40347e-10 	 0 	 0 	 0 	 20 	 0 	 0
4.42039e-10 	 0 	 0 	 0 	 20 	 0 	 0
4.43324e-10 	 0 	 0 	 0 	 20 	 0 	 0
4.44995e-10 	 0 	 0 	 0 	 20 	 0 	 0
4.4637e-10 	 0 	 0 	 0 	 20 	 0 	 0
4.47447e-10 	 0 	 0 	 0 	 20 	 0 	 0
4.48968e-10 	 0 	 0 	 0 	 20 	 0 	 0
4.50538e-10 	 0 	 0 	 0 	 20 	 0 	 0
4.51826e-10 	 0 	 0 	 0 	 20 	 0 	 0
4.53356e-10 	 0 	 0 	 0 	 20 	 0 	 0
4.55262e-10 	 0 	 0 	 0 	 20 	 0 	 0
4.56581e-10 	 0 	 0 	 0 	 20 	 0 	 0
4.57925e-10 	 0 	 0 	 0 	 20 	 0 	 0
4.60021e-10 	 0 	 0 	 0 	 20 	 0 	 0
4.61244e-10 	 1.602e-06 	 0 	 0 	 20 	 40.8789 	 0.0272526
4.62978e-10 	 -1.602e-06 	 0 	 0 	 20 	 -28.8392 	 -0.0192261
4.65112e-10 	 0 	 0 	 0 	 20 	 0 	 0
4.67073e-10 	 0 	 0 	 0 	 20 	 0 	 0
4.69187e-10 	 0 	 0 	 0 	 20 	 0 	 0
4.70855e-10 	 0 	 0 	 0 	 20 	 0 	 0
4.72176e-10 	 0 	 0 	 0 	 20 	 0 	 0
4.73981e-10 	 0 	 0 	 0 	 20 	 0 	 0
4.75265e-10 	 0 	 0 	 0 	 20 	 0 	 0
4.76635e-10 	 0 	 0 	 0 	 20 	 0 	 0
4.78312e-10 	 0 	 0 	 0 	 20 	 0 	 0
4.80012e-10 	 0 	 0 	 0 	 20 	 0 	 0
4.82043e-10 	 0 	 0 	 0 	 20 	 0 	 0
4.83723e-10 	 0 	 0 	 0 	 20 	 0 	 0
4.85449e-10 	 0 	 0 	 0 	 20 	 0 	 0
4.86675e-10 	 1.602e-06 	 3 	 0 	 20 	 43.0315 	 0.0286877
4.88354e-10 	 0 	 0 	 0 	 20 	 0 	 0
4.89477e-10 	 1.602e-06 	 0 	 0 	 20 	 44.5444 	 0.0296963
4.90735e-10 	 0 	 0 	 0 	 20 	 0 	 0
4.92375e-10 	 -1.602e-06 	 0 	 0 	 20 	 -30.4754 	 -0.0203169
4.93847e-10 	 4.806e-06 	 0 	 0 	 20 	 101.954 	 0.0679696
4.95396e-10 	 1.602e-06 	 0 	 0 	 20 	 32.263 	 0.0215086
4.97098e-10 	 4.806e-06 	 0 	 0 	 20 	 88.1562 	 0.0587708
4.98627e-10 	 0 	 0 	 0 	 20 	 0 	 0
5.00367e-10 	 0 	 0 	 0 	 20 	 0 	 0
5.02017e-10 	 1.602e-06 	 0 	 0 	 20 	 30.2858 	 0.0201905
5.03958e-10 	 -1.602e-06 	 0 	 0 	 20 	 -25.7665 	 -0.0171777
5.05791e-10 	 0 	 0 	 0 	 20 	 0 	 0
5.07209e-10 	 0 	 0 	 0 	 20 	 0 	 0
5.0881e-10 	 0 	 0 	 0 	 20 	 0 	 0
5.10129e-10 	 0 	 0 	 0 	 20 	 0 	 0
5.11908e-10 	 0 	 0 	 0 	 20 	 0 	 0
5.13248e-10 	 0 	 0 	 0 	 20 	 0 	 0
5.14719e-10 	 0 	 0 	 0 	 20 	 0 	 0
5.16155e-10 	 1.602e-06 	 0 	 0 	 20 	 34.8413 	 0.0232276
5.1735e-10 	 1.602e-06 	 0 	 0 	 20 	 41.8187 	 0.0278791
5.1896e-10 	 0 	 0 	 0 	 20 	 0 	 0
5.20275e-10 	 -1.602e-06 	 0 	 0 	 20 	 -38.0435 	 -0.0253624
5.21987e-10 	 1.602e-06 	 0 	 0 	 20 	 29.2035 	 0.019469
5.23495e-10 	 0 	 0 	 0 	 20 	 0 	 0
5.24915e-10 	 0 	 0 	 0 	 20 	 0 	 0
5.26699e-10 	 0 	 0 	 0 	 20 	 0 	 0
5.28419e-10 	 0 	 0 	 0 	 20 	 0 	 0
5.29886e-10 	 -1.602e-06 	 0 	 0 	 20 	 -34.0817 	 -0.0227211
5.31503e-10 	 0 	 0 	 0 	 20 	 0 	 0
5.33265e-10 	 0 	 0 	 0 	 20 	 0 	 0
5.34944e-10 	 0 	 0 	 0 	 20 	 0 	 0
5.36274e-10 	 1.602e-06 	 0 	 0 	 20 	 37.5868 	 0.0250578
5.38095e-10 	 -1.602e-06 	 0 	 0 	 20 	 -27.4567 	 -0.0183044
5.39546e-10 	 0 	 0 	 0 	 20 	 0 	 0
5.40941e-10 	 1.602e-06 	 0 	 0 	 20 	 35.8401 	 0.0238934
5.42981e-10 	 -1.602e-06 	 0 	 0 	 20 	 -24.5062 	 -0.0163375
5.44798e-10 	 0 	 0 	 0 	 20 	 0 	 0
5.46479e-10 	 0 	 0 	 0 	 20 	 0 	 0
5.47778e-10 	 3.204e-06 	 0 	 0 	 20 	 76.984 	 0.0513226
5.49182e-10 	 -1.602e-06 	 0 	 0 	 20 	 -35.6115 	 -0.023741
5.50749e-10 	 0 	 0 	 0 	 20 	 0 	 0
5.51995e-10 	 1.602e-06 	 0 	 0 	 20 	 40.1177 	 0.0267451
5.53275e-10 	 0 	 0 	 0 	 20 	 0 	 0
5.54442e-10 	 -1.602e-06 	 0 	 0 	 20 	 -42.8394 	 -0.0285596
5.55936e-10 	 4.806e-06 	 0 	 0 	 20 	 100.377 	 0.0669179
5.57297e-10 	 0 	 0 	 0 	 20 	 0 	 0
5.58567e-10 	 -1.602e-06 	 0 	 0 	 20 	 -39.3807 	 -0.0262538
5.60357e-10 	 3.204e-06 	 0 	 0 	 20 	 55.8714 	 0.0372476
5.62058e-10 	 0 	 0 	 0 	 20 	 0 	 0
5.63521e-10 	 0 	 0 	 0 	 20 	 0 	 0
5.65301e-10 	 0 	 0 	 0 	 20 	 0 	 0
5.67477e-10 	 0 	 0 	 0 	 20 	 0 	 0
5.68991e-10 	 -1.602e-06 	 0 	 0 	 20 	 -33.0352 	 -0.0220234
5.70599e-10 	 3.204e-06 	 0 	 0 	 20 	 62.1651 	 0.0414434
5.72111e-10 	 -1.602e-06 	 0 	 0 	 20 	 -33.0745 	 -0.0220496
5.73267e-10 	 -1.602e-06 	 0 	 0 	 20 	 -43.2696 	 -0.0288464
5.74849e-10 	 0 	 0 	 0 	 20 	 0 	 0
5.7638e-10 	 1.602e-06 	 0 	 0 	 20 	 32.6607 	 0.0217738
5.78052e-10 	 0 	 0 	 0 	 20 	 0 	 0
5.79787e-10 	 0 	 0 	 0 	 20 	 0 	 0
5.81259e-10 	 0 	 0 	 0 	 20 	 0 	 0
5.8293e-10 	 0 	 0 	 0 	 20 	 0 	 0
5.8438e-10 	 0 	 0 	 0 	 20 	 0 	 0
5.86024e-10 	 1.602e-06 	 0 	 0 	 20 	 30.4287 	 0.0202858
5.8756e-10 	 -1.602e-06 	 0 	 0 	 20 	 -32.549 	 -0.0216993
5.89239e-10 	 0 	 0 	 0 	 20 	 0 	 0
5.9102e-10 	 0 	 0 	 0 	 20 	 0 	 0
5.92598e-10 	 1.602e-06 	 0 	 0 	 20 	 31.6827 	 0.0211218
5.94445e-10 	 -1.602e-06 	 0 	 0 	 20 	 -27.0617 	 -0.0180412
5.95972e-10 	 0 	 0 	 0 	 20 	 0 	 0
5.97794e-10 	 0 	 0 	 0 	 20 	 0 	 0
5.99008e-10 	 1.602e-06 	 0 	 0 	 20 	 41.2097 	 0.0274732
6.01058e-10 	 -1.602e-06 	 0 	 0 	 20 	 -24.384 	 -0.016256
6.02493e-10 	 0 	 0 	 0 	 20 	 0 	 0
6.046e-10 	 0 	 0 	 0 	 20 	 0 	 0
6.06126e-10 	 0 	 0 	 0 	 20 	 0 	 0
6.0737e-10 	 0 	 0 	 0 	 20 	 0 	 0
6.08665e-10 	 0 	 0 	 0 	 20 	 0 	 0
6.10008e-10 	 0 	 0 	 0 	 20 	 0 	 0
6.11725e-10 	 0 	 0 	 0 	 20 	 0 	 0
6.13381e-10 	 0 	 0 	 0 	 20 	 0 	 0
6.15346e-10 	 0 	 0 	 0 	 20 	 0 	 0
6.16858e-10 	 0 	 0 	 0 	 20 	 0 	 0
6.18218e-10 	 0 	 0 	 0 	 20 	 0 	 0
6.20157e-10 	 0 	 0 	 0 	 20 	 0 	 0
6.21656e-10 	 0 	 0 	 0 	 20 	 0 	 0
6.24324e-10 	 1.602e-06 	 0 	 0 	 20 	 18.744 	 0.012496
6.25603e-10 	 -1.602e-06 	 0 	 0 	 20 	 -39.1019 	 -0.026068
6.27585e-10 	 0 	 0 	 0 	 20 	 0 	 0
6.29393e-10 	 0 	 0 	 0 	 20 	 0 	 0
6.30983e-10 	 0 	 0 	 0 	 20 	 0 	 0
6.32379e-10 	 0 	 0 	 0 	 20 	 0 	 0
6.33927e-10 	 0 	 0 	 0 	 20 	 0 	 0
6.3535e-10 	 0 	 0 	 0 	 20 	 0 	 0
6.3715e-10 	 0 	 0 	 0 	 20 	 0 	 0
6.39266e-10 	 0 	 0 	 0 	 20 	 0 	 0
6.40763e-10 	 1.602e-06 	 0 	 0 	 20 	 33.4132 	 0.0222755
6.42306e-10 	 -1.602e-06 	 0 	 0 	 20 	 -32.4066 	 -0.0216044
6.43927e-10 	 0 	 0 	 0 	 20 	 0 	 0
6.454e-10 	 0 	 0 	 0 	 20 	 0 	 0
6.46609e-10 	 0 	 0 	 0 	 20 	 0 	 0
6.48251e-10 	 0 	 0 	 0 	 20 	 0 	 0
6.49635e-10 	 0 	 0 	 0 	 20 	 0 	 0
6.51119e-10 	 0 	 0 	 0 	 20 	 0 	 0
6.5346e-10 	 0 	 0 	 0 	 20 	 0 	 0
6.54898e-10 	 0 	 0 	 0 	 20 	 0 	 0
6.56158e-10 	 0 	 0 	 0 	 20 	 0 	 0
6.57739e-10 	 0 	 0 	 0 	 20 	 0 	 0
6.59593e-10 	 0 	 0 	 0 	 20 	 0 	 0
6.61035e-10 	 0 	 0 	 0 	 20 	 0 	 0
6.6246e-10 	 0 	 0 	 0 	 20 	 0 	 0
6.64276e-10 	 0 	 0 	 0 	 20 	 0 	 0
6.65628e-10 	 1.602e-06 	 0 	 0 	 20 	 36.9952 	 0.0246635
6.6712e-10 	 -1.602e-06 	 0 	 0 	 20 	 -33.5039 	 -0.0223359
6.68492e-10 	 0 	 0 	 0 	 20 	 0 	 0
6.70059e-10 	 0 	 0 	 0 	 20 	 0 	 0
6.71674e-10 	 0 	 0 	 0 	 20 	 0 	 0
6.73109e-10 	 0 	 0 	 0 	 20 	 0 	 0
6.74778e-10 	 0 	 0 	 0 	 20 	 0 	 0
6.76527e-10 	 0 	 0 	 0 	 20 	 0 	 0
6.78346e-10 	 0 	 0 	 0 	 20 	 0 	 0
6.80155e-10 	 0 	 0 	 0 	 20 	 0 	 0
6.81809e-10 	 0 	 0 	 0 	 20 	 0 	 0
6.83562e-10 	 1.602e-06 	 0 	 0 	 20 	 28.5267 	 0.0190178
6.84901e-10 	 -1.602e-06 	 0 	 0 	 20 	 -37.3328 	 -0.0248885
6.86326e-10 	 0 	 0 	 0 	 20 	 0 	 0
6.87946e-10 	 0 	 0 	 0 	 20 	 0 	 0
6.8953e-10 	 0 	 0 	 0 	 20 	 0 	 0
6.90928e-10 	 0 	 0 	 0 	 20 	 0 	 0
6.92717e-10 	 1.602e-06 	 0 	 0 	 20 	 27.9411 	 0.0186274
6.94412e-10 	 -1.602e-06 	 0 	 0 	 20 	 -29.51 	 -0.0196733
6.95751e-10 	 0 	 0 	 0 	 20 	 0 	 0
6.97626e-10 	 1.602e-06 	 0 	 0 	 20 	 26.6609 	 0.0177739
6.99362e-10 	 -1.602e-06 	 0 	 0 	 20 	 -28.8081 	 -0.0192054
7.01116e-10 	 0 	 0 	 0 	 20 	 0 	 0
7.02656e-10 	 0 	 0 	 0 	 20 	 0 	 0
7.03997e-10 	 0 	 0 	 0 	 20 	 0 	 0
7.0544e-10 	 0 	 0 	 0 	 20 	 0 	 0
7.06946e-10 	 0 	 0 	 0 	 20 	 0 	 0
7.08465e-10 	 0 	 0 	 0 	 20 	 0 	 0
7.10184e-10 	 0 	 0 	 0 	 20 	 0 	 0
7.11785e-10 	 0 	 0 	 0 	 20 	 0 	 0
7.13169e-10 	 0 	 0 	 0 	 20 	 0 	 0
7.14975e-10 	 0 	 0 	 0 	 20 	 0 	 0
7.1695e-10 	 0 	 0 	 0 	 20 	 0 	 0
7.18444e-10 	 0 	 0 	 0 	 20 	 0 	 0
7.20233e-10 	 0 	 0 	 0 	 20 	 0 	 0
7.21881e-10 	 1.602e-06 	 0 	 0 	 20 	 30.3295 	 0.0202197
7.23152e-10 	 0 	 0 	 0 	 20 	 0 	 0
7.24517e-10 	 -1.602e-06 	 0 	 0 	 20 	 -36.6514 	 -0.0244343
7.26281e-10 	 0 	 0 	 0 	 20 	 0 	 0
7.27918e-10 	 0 	 0 	 0 	 20 	 0 	 0
7.29425e-10 	 -3.204e-06 	 0 	 0 	 20 	 -66.3533 	 -0.0442355
7.30906e-10 	 0 	 0 	 0 	 20 	 0 	 0
7.32983e-10 	 0 	 0 	 0 	 20 	 0 	 0
7.34446e-10 	 0 	 0 	 0 	 20 	 0 	 0
7.3582e-10 	 -1.602e-06 	 0 	 0 	 20 	 -36.3987 	 -0.0242658
7.37251e-10 	 1.602e-06 	 0 	 0 	 20 	 34.9466 	 0.0232977
7.38702e-10 	 0 	 0 	 0 	 20 	 0 	 0
7.40214e-10 	 0 	 0 	 0 	 20 	 0 	 0
7.41377e-10 	 0 	 0 	 0 	 20 	 0 	 0
7.43029e-10 	 0 	 0 	 0 	 20 	 0 	 0
7.44516e-10 	 0 	 0 	 0 	 20 	 0 	 0
7.4608e-10 	 0 	 0 	 0 	 20 	 0 	 0
7.47563e-10 	 1.602e-06 	 0 	 0 	 20 	 33.7365 	 0.022491
7.48904e-10 	 -1.602e-06 	 0 	 0 	 20 	 -37.2811 	 -0.024854
7.50144e-10 	 0 	 0 	 0 	 20 	 0 	 0
7.51536e-10 	 0 	 0 	 0 	 20 	 0 	 0
7.52913e-10 	 0 	 0 	 0 	 20 	 0 	 0
7.54345e-10 	 0 	 0 	 0 	 20 	 0 	 0
7.56052e-10 	 0 	 0 	 0 	 20 	 0 	 0
7.57381e-10 	 1.602e-06 	 0 	 0 	 20 	 37.6127 	 0.0250751
7.58638e-10 	 -1.602e-06 	 0 	 0 	 20 	 -39.7945 	 -0.0265297
7.59898e-10 	 0 	 0 	 0 	 20 	 0 	 0
7.61301e-10 	 0 	 0 	 0 	 20 	 0 	 0
7.63041e-10 	 0 	 0 	 0 	 20 	 0 	 0
7.64071e-10 	 0 	 0 	 0 	 20 	 0 	 0
7.65796e-10 	 0 	 0 	 0 	 20 	 0 	 0
7.66959e-10 	 0 	 0 	 0 	 20 	 0 	 0
7.6848e-10 	 0 	 0 	 0 	 20 	 0 	 0
7.69694e-10 	 -3.204e-06 	 0 	 0 	 20 	 -82.4056 	 -0.0549371
7.70816e-10 	 0 	 0 	 0 	 20 	 0 	 0
7.72075e-10 	 0 	 0 	 0 	 20 	 0 	 0
7.7331e-10 	 0 	 0 	 0 	 20 	 0 	 0
7.74631e-10 	 0 	 0 	 0 	 20 	 0 	 0
7.76349e-10 	 0 	 0 	 0 	 20 	 0 	 0
7.7755e-10 	 1.602e-06 	 0 	 0 	 20 	 41.6542 	 0.0277695
7.79062e-10 	 0 	 0 	 0 	 20 	 0 	 0
7.80344e-10 	 0 	 0 	 0 	 20 	 0 	 0
7.81623e-10 	 0 	 0 	 0 	 20 	 0 	 0
7.82965e-10 	 1.602e-06 	 0 	 0 	 20 	 37.2736 	 0.0248491
7.84516e-10 	 1.602e-06 	 0 	 0 	 20 	 32.2328 	 0.0214885
7.85785e-10 	 3.204e-06 	 0 	 0 	 20 	 78.8273 	 0.0525515
7.86962e-10 	 0 	 0 	 0 	 20 	 0 	 0
7.88467e-10 	 0 	 0 	 0 	 20 	 0 	 0
7.89792e-10 	 0 	 0 	 0 	 20 	 0 	 0
7.90856e-10 	 1.602e-06 	 0 	 0 	 20 	 46.992 	 0.031328
7.92374e-10 	 -1.602e-06 	 0 	 0 	 20 	 -32.9356 	 -0.0219571
7.93827e-10 	 0 	 0 	 0 	 20 	 0 	 0
7.95332e-10 	 0 	 0 	 0 	 20 	 0 	 0
7.9665e-10 	 1.602e-06 	 0 	 0 	 20 	 37.9517 	 0.0253012
7.98552e-10 	 0 	 0 	 0 	 20 	 0 	 0
7.99981e-10 	 0 	 0 	 0 	 20 	 0 	 0
8.01834e-10 	 0 	 0 	 0 	 20 	 0 	 0
8.03548e-10 	 -3.204e-06 	 0 	 0 	 20 	 -58.3571 	 -0.0389047
8.04703e-10 	 0 	 0 	 0 	 20 	 0 	 0
8.06117e-10 	 1.602e-06 	 0 	 0 	 20 	 35.3681 	 0.0235788
8.07368e-10 	 -1.602e-06 	 0 	 0 	 20 	 -39.9443 	 -0.0266295
8.08649e-10 	 0 	 0 	 0 	 20 	 0 	 0
8.09854e-10 	 0 	 0 	 0 	 20 	 0 	 0
8.11012e-10 	 3.204e-06 	 0 	 0 	 20 	 86.2898 	 0.0575265
8.12396e-10 	 -3.204e-06 	 0 	 0 	 20 	 -72.2754 	 -0.0481836
8.13516e-10 	 0 	 0 	 0 	 20 	 0 	 0
8.14896e-10 	 -1.602e-06 	 0 	 0 	 20 	 -36.2198 	 -0.0241466
8.16179e-10 	 3.204e-06 	 0 	 0 	 20 	 77.9657 	 0.0519772
8.18047e-10 	 1.602e-06 	 0 	 0 	 20 	 26.7637 	 0.0178425
8.19684e-10 	 0 	 0 	 0 	 20 	 0 	 0
8.21045e-10 	 1.602e-06 	 0 	 0 	 20 	 36.7442 	 0.0244962
8.22834e-10 	 0 	 0 	 0 	 20 	 0 	 0
8.24547e-10 	 0 	 0 	 0 	 20 	 0 	 0
8.26033e-10 	 0 	 0 	 0 	 20 	 0 	 0
8.27278e-10 	 -3.204e-06 	 0 	 0 	 20 	 -80.3241 	 -0.0535494
8.29003e-10 	 0 	 0 	 0 	 20 	 0 	 0
8.30416e-10 	 0 	 0 	 0 	 20 	 0 	 0
8.32349e-10 	 0 	 0 	 0 	 20 	 0 	 0
8.34253e-10 	 0 	 0 	 0 	 20 	 0 	 0
8.35639e-10 	 0 	 0 	 0 	 20 	 0 	 0
8.36823e-10 	 0 	 0 	 0 	 20 	 0 	 0
8.38157e-10 	 0 	 0 	 0 	 20 	 0 	 0
8.39537e-10 	 3.204e-06 	 0 	 0 	 20 	 72.4555 	 0.0483037
8.41523e-10 	 0 	 0 	 0 	 20 	 0 	 0
8.43322e-10 	 0 	 0 	 0 	 20 	 0 	 0
8.44747e-10 	 0 	 0 	 0 	 20 	 0 	 0
8.46013e-10 	 0 	 0 	 0 	 20 	 0 	 0
8.47517e-10 	 0 	 0 	 0 	 20 	 0 	 0
8.49116e-10 	 0 	 0 	 0 	 20 	 0 	 0
8.5061e-10 	 0 	 0 	 0 	 20 	 0 	 0
8.52117e-10 	 0 	 0 	 0 	 20 	 0 	 0
8.54159e-10 	 0 	 0 	 0 	 20 	 0 	 0
8.55972e-10 	 0 	 0 	 0 	 20 	 0 	 0
8.5748e-10 	 -1.602e-06 	 0 	 0 	 20 	 -33.1512 	 -0.0221008
8.58968e-10 	 1.602e-06 	 0 	 0 	 20 	 33.5934 	 0.0223956
8.60524e-10 	 0 	 0 	 0 	 20 	 0 	 0
8.6188e-10 	 0 	 0 	 0 	 20 	 0 	 0
8.63413e-10 	 0 	 0 	 0 	 20 	 0 	 0
8.6553e-10 	 0 	 0 	 0 	 20 	 0 	 0
8.6697e-10 	 0 	 0 	 0 	 20 	 0 	 0
8.68836e-10 	 0 	 0 	 0 	 20 	 0 	 0
8.71403e-10 	 0 	 0 	 0 	 20 	 0 	 0
8.73524e-10 	 0 	 0 	 0 	 20 	 0 	 0
8.75247e-10 	 0 	 0 	 0 	 20 	 0 	 0
8.76576e-10 	 0 	 0 	 0 	 20 	 0 	 0
8.7811e-10 	 0 	 0 	 0 	 20 	 0 	 0
8.79791e-10 	 0 	 0 	 0 	 20 	 0 	 0
8.80991e-10 	 0 	 0 	 0 	 20 	 0 	 0
8.82631e-10 	 0 	 0 	 0 	 20 	 0 	 0
8.84252e-10 	 0 	 0 	 0 	 20 	 0 	 0
8.85561e-10 	 0 	 0 	 0 	 20 	 0 	 0
8.87514e-10 	 0 	 0 	 0 	 20 	 0 	 0
8.89308e-10 	 0 	 0 	 0 	 20 	 0 	 0
8.90759e-10 	 -6.408e-06 	 0 	 0 	 20 	 -137.865 	 -0.0919101
8.9214e-10 	 0 	 0 	 0 	 20 	 0 	 0
8.93652e-10 	 4.806e-06 	 0 	 0 	 20 	 99.2538 	 0.0661692
8.95267e-10 	 0 	 0 	 0 	 20 	 0 	 0
8.96943e-10 	 0 	 0 	 0 	 20 	 0 	 0
8.98104e-10 	 1.602e-06 	 0 	 0 	 20 	 43.0723 	 0.0287149
8.99931e-10 	 1.602e-06 	 0 	 0 	 20 	 27.3606 	 0.0182404
9.01588e-10 	 0 	 0 	 0 	 20 	 0 	 0
9.02931e-10 	 3.204e-06 	 0 	 0 	 20 	 74.4967 	 0.0496645
9.04216e-10 	 0 	 0 	 0 	 20 	 0 	 0
9.05459e-10 	 0 	 0 	 0 	 20 	 0 	 0
9.06804e-10 	 0 	 0 	 0 	 20 	 0 	 0
9.08494e-10 	 1.602e-06 	 0 	 0 	 20 	 29.5718 	 0.0197146
9.09938e-10 	 1.602e-06 	 0 	 0 	 20 	 34.6373 	 0.0230915
9.11497e-10 	 1.602e-06 	 0 	 0 	 20 	 32.0767 	 0.0213845
9.1294e-10 	 -1.602e-06 	 0 	 0 	 20 	 -34.6487 	 -0.0230991
9.14696e-10 	 0 	 0 	 0 	 20 	 0 	 0
9.16134e-10 	 -1.602e-06 	 0 	 0 	 20 	 -34.7601 	 -0.0231734
9.17339e-10 	 4.806e-06 	 0 	 0 	 20 	 124.477 	 0.0829848
9.18891e-10 	 0 	 0 	 0 	 20 	 0 	 0
9.20657e-10 	 0 	 0 	 0 	 20 	 0 	 0
9.22083e-10 	 0 	 0 	 0 	 20 	 0 	 0
9.2343e-10 	 0 	 0 	 0 	 20 	 0 	 0
9.24981e-10 	 0 	 0 	 0 	 20 	 0 	 0
9.26475e-10 	 0 	 0 	 0 	 20 	 0 	 0
9.27983e-10 	 0 	 0 	 0 	 20 	 0 	 0
9.30068e-10 	 0 	 0 	 0 	 20 	 0 	 0
9.32098e-10 	 0 	 0 	 0 	 20 	 0 	 0
9.33731e-10 	 0 	 0 	 0 	 20 	 0 	 0
9.35448e-10 	 1.602e-06 	 0 	 0 	 20 	 29.1201 	 0.0194134
9.37105e-10 	 0 	 0 	 0 	 20 	 0 	 0
9.38649e-10 	 0 	 0 	 0 	 20 	 0 	 0
9.40261e-10 	 0 	 0 	 0 	 20 	 0 	 0
9.42572e-10 	 0 	 0 	 0 	 20 	 0 	 0
9.44387e-10 	 0 	 0 	 0 	 20 	 0 	 0
9.45909e-10 	 0 	 0 	 0 	 20 	 0 	 0
9.47356e-10 	 0 	 0 	 0 	 20 	 0 	 0
9.49333e-10 	 0 	 0 	 0 	 20 	 0 	 0
9.51502e-10 	 0 	 0 	 0 	 20 	 0 	 0
9.5284e-10 	 0 	 0 	 0 	 20 	 0 	 0
9.54389e-10 	 0 	 0 	 0 	 20 	 0 	 0
9.55933e-10 	 0 	 0 	 0 	 20 	 0 	 0
9.57735e-10 	 1.602e-06 	 0 	 0 	 20 	 27.7381 	 0.018492
9.59454e-10 	 0 	 0 	 0 	 20 	 0 	 0
9.61476e-10 	 0 	 0 	 0 	 20 	 0 	 0
9.63403e-10 	 0 	 0 	 0 	 20 	 0 	 0
9.65494e-10 	 0 	 0 	 0 	 20 	 0 	 0
9.6694e-10 	 0 	 0 	 0 	 20 	 0 	 0
9.68692e-10 	 0 	 0 	 0 	 20 	 0 	 0
9.70228e-10 	 0 	 0 	 0 	 20 	 0 	 0
9.71833e-10 	 0 	 0 	 0 	 20 	 0 	 0
9.73492e-10 	 0 	 0 	 0 	 20 	 0 	 0
9.75174e-10 	 0 	 0 	 0 	 20 	 0 	 0
9.76744e-10 	 0 	 0 	 0 	 20 	 0 	 0
9.78375e-10 	 0 	 0 	 0 	 20 	 0 	 0
9.80144e-10 	 0 	 0 	 0 	 20 	 0 	 0
9.81513e-10 	 0 	 0 	 0 	 20 	 0 	 0
9.83022e-10 	 1.602e-06 	 0 	 0 	 20 	 33.135 	 0.02209
9.84412e-10 	 1.602e-06 	 0 	 0 	 20 	 35.9806 	 0.023987
9.86375e-10 	 0 	 0 	 0 	 20 	 0 	 0
9.87766e-10 	 0 	 0 	 0 	 20 	 0 	 0
9.89424e-10 	 0 	 0 	 0 	 20 	 0 	 0
9.91112e-10 	 0 	 0 	 0 	 20 	 0 	 0
9.93063e-10 	 0 	 0 	 0 	 20 	 0 	 0
9.94933e-10 	 0 	 0 	 0 	 20 	 0 	 0
9.96991e-10 	 0 	 0 	 0 	 20 	 0 	 0
9.98095e-10 	 0 	 0 	 0 	 20 	 0 	 0
9.99671e-10 	 0 	 0 	 0 	 20 	 0 	 0
1.00128e-09 	 0 	 0 	 0 	 20 	 0 	 0
1.00302e-09 	 0 	 0 	 0 	 20 	 0 	 0
1.0047e-09 	 0 	 0 	 0 	 20 	 0 	 0
1.00658e-09 	 0 	 0 	 0 	 20 	 0 	 0
1.00856e-09 	 0 	 0 	 0 	 20 	 0 	 0
1.01043e-09 	 0 	 0 	 0 	 20 	 0 	 0
1.01176e-09 	 0 	 0 	 0 	 20 	 0 	 0
1.01313e-09 	 0 	 0 	 0 	 20 	 0 	 0
1.01445e-09 	 -1.602e-06 	 0 	 0 	 20 	 -37.929 	 -0.025286
1.01555e-09 	 -1.602e-06 	 0 	 0 	 20 	 -45.1743 	 -0.0301162
1.01699e-09 	 0 	 0 	 0 	 20 	 0 	 0
1.01873e-09 	 0 	 0 	 0 	 20 	 0 	 0
1.02021e-09 	 0 	 0 	 0 	 20 	 0 	 0
1.02178e-09 	 0 	 0 	 0 	 20 	 0 	 0
1.02346e-09 	 0 	 0 	 0 	 20 	 0 	 0
1.02523e-09 	 0 	 0 	 0 	 20 	 0 	 0
1.02665e-09 	 0 	 0 	 0 	 20 	 0 	 0
1.0282e-09 	 0 	 0 	 0 	 20 	 0 	 0
1.02979e-09 	 0 	 0 	 0 	 20 	 0 	 0
1.03096e-09 	 0 	 0 	 0 	 20 	 0 	 0
1.03233e-09 	 0 	 0 	 0 	 20 	 0 	 0
1.03366e-09 	 0 	 0 	 0 	 20 	 0 	 0
1.03527e-09 	 1.602e-06 	 0 	 0 	 20 	 30.9751 	 0.02065
1.03674e-09 	 0 	 0 	 0 	 20 	 0 	 0
1.0382e-09 	 1.602e-06 	 0 	 0 	 20 	 34.1651 	 0.0227767
1.03992e-09 	 0 	 0 	 0 	 20 	 0 	 0
1.04141e-09 	 0 	 0 	 0 	 20 	 0 	 0
1.04316e-09 	 0 	 0 	 0 	 20 	 0 	 0
1.04527e-09 	 0 	 0 	 0 	 20 	 0 	 0
1.04684e-09 	 0 	 0 	 0 	 20 	 0 	 0
1.04844e-09 	 0 	 0 	 0 	 20 	 0 	 0
1.04982e-09 	 0 	 0 	 0 	 20 	 0 	 0
1.0513e-09 	 0 	 0 	 0 	 20 	 0 	 0
1.05297e-09 	 1.602e-06 	 0 	 0 	 20 	 29.8055 	 0.0198703
1.05445e-09 	 3.204e-06 	 0 	 0 	 20 	 67.6266 	 0.0450844
1.05569e-09 	 0 	 0 	 0 	 20 	 0 	 0
1.05705e-09 	 3.204e-06 	 0 	 0 	 20 	 73.6159 	 0.0490773
1.05841e-09 	 0 	 0 	 0 	 20 	 0 	 0
1.06021e-09 	 0 	 0 	 0 	 20 	 0 	 0
1.06188e-09 	 0 	 0 	 0 	 20 	 0 	 0
1.06374e-09 	 0 	 0 	 0 	 20 	 0 	 0
1.06532e-09 	 0 	 0 	 0 	 20 	 0 	 0
1.06782e-09 	 0 	 0 	 0 	 20 	 0 	 0
1.06934e-09 	 0 	 0 	 0 	 20 	 0 	 0
1.07094e-09 	 0 	 0 	 0 	 20 	 0 	 0
1.07258e-09 	 0 	 0 	 0 	 20 	 0 	 0
1.07403e-09 	 0 	 0 	 0 	 20 	 0 	 0
1.07561e-09 	 0 	 0 	 0 	 20 	 0 	 0
1.07745e-09 	 0 	 0 	 0 	 20 	 0 	 0
1.07903e-09 	 0 	 0 	 0 	 20 	 0 	 0
1.08075e-09 	 0 	 0 	 0 	 20 	 0 	 0
1.08228e-09 	 0 	 0 	 0 	 20 	 0 	 0
1.0839e-09 	 0 	 0 	 0 	 20 	 0 	 0
1.08525e-09 	 0 	 0 	 0 	 20 	 0 	 0
1.0868e-09 	 0 	 0 	 0 	 20 	 0 	 0
1.08851e-09 	 0 	 0 	 0 	 20 	 0 	 0
1.09069e-09 	 0 	 0 	 0 	 20 	 0 	 0
1.09189e-09 	 3.204e-06 	 0 	 0 	 20 	 83.5635 	 0.055709
1.09342e-09 	 0 	 0 	 0 	 20 	 0 	 0
1.0953e-09 	 0 	 0 	 0 	 20 	 0 	 0
1.09725e-09 	 0 	 0 	 0 	 20 	 0 	 0
1.09849e-09 	 1.602e-06 	 0 	 0 	 20 	 40.2679 	 0.0268453
1.09995e-09 	 0 	 0 	 0 	 20 	 0 	 0
1.10139e-09 	 0 	 0 	 0 	 20 	 0 	 0
1.10308e-09 	 -1.602e-06 	 0 	 0 	 20 	 -29.5741 	 -0.019716
1.10458e-09 	 1.602e-06 	 0 	 0 	 20 	 33.4789 	 0.0223193
1.10659e-09 	 0 	 0 	 0 	 20 	 0 	 0
1.1081e-09 	 0 	 0 	 0 	 20 	 0 	 0
1.10967e-09 	 0 	 0 	 0 	 20 	 0 	 0
1.11155e-09 	 0 	 0 	 0 	 20 	 0 	 0
1.11284e-09 	 0 	 0 	 0 	 20 	 0 	 0
1.11435e-09 	 0 	 0 	 0 	 20 	 0 	 0
1.11627e-09 	 0 	 0 	 0 	 20 	 0 	 0
1.11832e-09 	 0 	 0 	 0 	 20 	 0 	 0
1.11985e-09 	 0 	 0 	 0 	 20 	 0 	 0
1.12142e-09 	 0 	 0 	 0 	 20 	 0 	 0
1.12284e-09 	 0 	 0 	 0 	 20 	 0 	 0
1.12471e-09 	 0 	 0 	 0 	 20 	 0 	 0
1.12625e-09 	 0 	 0 	 0 	 20 	 0 	 0
1.12841e-09 	 0 	 0 	 0 	 20 	 0 	 0
1.13001e-09 	 0 	 0 	 0 	 20 	 0 	 0
1.13191e-09 	 0 	 0 	 0 	 20 	 0 	 0
1.13384e-09 	 0 	 0 	 0 	 20 	 0 	 0
1.13555e-09 	 0 	 0 	 0 	 20 	 0 	 0
1.13697e-09 	 0 	 0 	 0 	 20 	 0 	 0
1.13857e-09 	 0 	 0 	 0 	 20 	 0 	 0
1.14017e-09 	 0 	 0 	 0 	 20 	 0 	 0
1.14209e-09 	 0 	 0 	 0 	 20 	 0 	 0
1.14385e-09 	 0 	 0 	 0 	 20 	 0 	 0
1.14541e-09 	 0 	 0 	 0 	 20 	 0 	 0
1.14728e-09 	 0 	 0 	 0 	 20 	 0 	 0
1.1488e-09 	 0 	 0 	 0 	 20 	 0 	 0
1.15083e-09 	 0 	 0 	 0 	 20 	 0 	 0
1.1524e-09 	 0 	 0 	 0 	 20 	 0 	 0
1.15412e-09 	 0 	 0 	 0 	 20 	 0 	 0
1.15553e-09 	 0 	 0 	 0 	 20 	 0 	 0
1.15725e-09 	 0 	 0 	 0 	 20 	 0 	 0
1.15888e-09 	 0 	 0 	 0 	 20 	 0 	 0
1.16047e-09 	 0 	 0 	 0 	 20 	 0 	 0
1.16218e-09 	 0 	 0 	 0 	 20 	 0 	 0
1.16364e-09 	 0 	 0 	 0 	 20 	 0 	 0
1.16522e-09 	 0 	 0 	 0 	 20 	 0 	 0
1.16752e-09 	 0 	 0 	 0 	 20 	 0 	 0
1.16998e-09 	 0 	 0 	 0 	 20 	 0 	 0
1.17211e-09 	 0 	 0 	 0 	 20 	 0 	 0
1.17357e-09 	 0 	 0 	 0 	 20 	 0 	 0
1.17519e-09 	 1.602e-06 	 0 	 0 	 20 	 30.8262 	 0.0205508
1.17648e-09 	 0 	 0 	 0 	 20 	 0 	 0
1.17855e-09 	 1.602e-06 	 0 	 0 	 20 	 24.2391 	 0.0161594
1.18027e-09 	 -1.602e-06 	 0 	 0 	 20 	 -29.0359 	 -0.0193573
1.18168e-09 	 1.602e-06 	 0 	 0 	 20 	 35.4637 	 0.0236425
1.18368e-09 	 1.602e-06 	 0 	 1 	 19 	 47.0328 	 0.0313552
1.18582e-09 	 0 	 0 	 0 	 19 	 0 	 0
1.18717e-09 	 0 	 0 	 0 	 19 	 0 	 0
1.18924e-09 	 0 	 0 	 0 	 19 	 0 	 0
1.19126e-09 	 0 	 0 	 0 	 19 	 0 	 0
1.19293e-09 	 0 	 0 	 0 	 19 	 0 	 0
1.19471e-09 	 0 	 0 	 0 	 19 	 0 	 0
1.19658e-09 	 0 	 0 	 0 	 19 	 0 	 0
1.19802e-09 	 1.602e-06 	 0 	 0 	 19 	 36.5679 	 0.0243786
1.19969e-09 	 -1.602e-06 	 0 	 0 	 19 	 -31.4562 	 -0.0209708
1.20124e-09 	 0 	 0 	 0 	 19 	 0 	 0
1.203e-09 	 0 	 0 	 0 	 19 	 0 	 0
1.20494e-09 	 0 	 0 	 0 	 19 	 0 	 0
1.20654e-09 	 0 	 0 	 0 	 19 	 0 	 0
1.2081e-09 	 0 	 0 	 0 	 19 	 0 	 0
1.20946e-09 	 0 	 0 	 0 	 19 	 0 	 0
1.21107e-09 	 0 	 0 	 0 	 19 	 0 	 0
1.21304e-09 	 0 	 0 	 0 	 19 	 0 	 0
1.21443e-09 	 0 	 0 	 0 	 19 	 0 	 0
1.21575e-09 	 0 	 0 	 0 	 19 	 0 	 0
1.21737e-09 	 0 	 0 	 0 	 19 	 0 	 0
1.21878e-09 	 0 	 0 	 0 	 19 	 0 	 0
1.22062e-09 	 0 	 0 	 0 	 19 	 0 	 0
1.22273e-09 	 0 	 0 	 0 	 19 	 0 	 0
1.2245e-09 	 0 	 0 	 0 	 19 	 0 	 0
1.22602e-09 	 0 	 0 	 0 	 19 	 0 	 0
1.22829e-09 	 0 	 0 	 0 	 19 	 0 	 0
1.22966e-09 	 1.602e-06 	 0 	 0 	 19 	 38.3623 	 0.0255749
1.231e-09 	 0 	 0 	 0 	 19 	 0 	 0
1.23277e-09 	 -1.602e-06 	 0 	 0 	 19 	 -29.749 	 -0.0198327
1.23405e-09 	 0 	 0 	 0 	 19 	 0 	 0
1.23609e-09 	 0 	 0 	 0 	 19 	 0 	 0
1.23793e-09 	 0 	 0 	 0 	 19 	 0 	 0
1.23948e-09 	 0 	 0 	 0 	 19 	 0 	 0
1.24105e-09 	 0 	 0 	 0 	 19 	 0 	 0
1.24277e-09 	 0 	 0 	 0 	 19 	 0 	 0
1.24463e-09 	 0 	 0 	 0 	 19 	 0 	 0
1.24609e-09 	 0 	 0 	 0 	 19 	 0 	 0
1.24793e-09 	 0 	 0 	 0 	 19 	 0 	 0
1.25e-09 	 0 	 0 	 0 	 19 	 0 	 0
1.25175e-09 	 0 	 0 	 0 	 19 	 0 	 0
1.25345e-09 	 0 	 0 	 0 	 19 	 0 	 0
1.25515e-09 	 0 	 0 	 0 	 19 	 0 	 0
1.25707e-09 	 0 	 0 	 0 	 19 	 0 	 0
1.25899e-09 	 0 	 0 	 0 	 19 	 0 	 0
1.26064e-09 	 0 	 0 	 0 	 19 	 0 	 0
1.26271e-09 	 0 	 0 	 0 	 19 	 0 	 0
1.26438e-09 	 0 	 0 	 0 	 19 	 0 	 0
1.26596e-09 	 0 	 0 	 0 	 19 	 0 	 0
1.26733e-09 	 0 	 0 	 0 	 19 	 0 	 0
1.26949e-09 	 0 	 0 	 0 	 19 	 0 	 0
1.27154e-09 	 0 	 0 	 0 	 19 	 0 	 0
1.27318e-09 	 0 	 0 	 0 	 19 	 0 	 0
1.27496e-09 	 0 	 0 	 0 	 19 	 0 	 0
1.27624e-09 	 0 	 0 	 0 	 19 	 0 	 0
1.27826e-09 	 0 	 0 	 0 	 19 	 0 	 0
1.28054e-09 	 0 	 0 	 0 	 19 	 0 	 0
1.28221e-09 	 0 	 0 	 0 	 19 	 0 	 0
1.28353e-09 	 0 	 0 	 0 	 19 	 0 	 0
1.28495e-09 	 0 	 0 	 0 	 19 	 0 	 0
1.28638e-09 	 0 	 0 	 0 	 19 	 0 	 0
1.28831e-09 	 0 	 0 	 0 	 19 	 0 	 0
1.29019e-09 	 0 	 0 	 0 	 19 	 0 	 0
1.29168e-09 	 0 	 0 	 0 	 19 	 0 	 0
1.29357e-09 	 0 	 0 	 0 	 19 	 0 	 0
1.29508e-09 	 0 	 0 	 0 	 19 	 0 	 0
1.29663e-09 	 0 	 0 	 0 	 19 	 0 	 0
1.29814e-09 	 0 	 0 	 0 	 19 	 0 	 0
1.29973e-09 	 0 	 0 	 0 	 19 	 0 	 0
1.30106e-09 	 0 	 0 	 0 	 19 	 0 	 0
1.30266e-09 	 0 	 0 	 0 	 19 	 0 	 0
1.30438e-09 	 0 	 0 	 0 	 19 	 0 	 0
1.30573e-09 	 0 	 0 	 0 	 19 	 0 	 0
1.30738e-09 	 0 	 0 	 0 	 19 	 0 	 0
1.30963e-09 	 0 	 0 	 0 	 19 	 0 	 0
1.31144e-09 	 0 	 0 	 0 	 19 	 0 	 0
1.31332e-09 	 0 	 0 	 0 	 19 	 0 	 0
1.31471e-09 	 0 	 0 	 0 	 19 	 0 	 0
1.31657e-09 	 0 	 0 	 0 	 19 	 0 	 0
1.31771e-09 	 0 	 0 	 0 	 19 	 0 	 0
1.31945e-09 	 0 	 0 	 0 	 19 	 0 	 0
1.32108e-09 	 0 	 0 	 0 	 19 	 0 	 0
1.32263e-09 	 0 	 0 	 0 	 19 	 0 	 0
1.3244e-09 	 0 	 0 	 0 	 19 	 0 	 0
1.3261e-09 	 0 	 0 	 0 	 19 	 0 	 0
1.32774e-09 	 0 	 0 	 0 	 19 	 0 	 0
1.32946e-09 	 0 	 0 	 0 	 19 	 0 	 0
1.33094e-09 	 0 	 0 	 0 	 19 	 0 	 0
1.33239e-09 	 0 	 0 	 0 	 19 	 0 	 0
1.33398e-09 	 0 	 0 	 0 	 19 	 0 	 0
1.33563e-09 	 0 	 0 	 0 	 19 	 0 	 0
1.33708e-09 	 0 	 0 	 0 	 19 	 0 	 0
1.33845e-09 	 0 	 0 	 0 	 19 	 0 	 0
1.33998e-09 	 0 	 0 	 0 	 19 	 0 	 0
1.34145e-09 	 0 	 0 	 0 	 19 	 0 	 0
1.34314e-09 	 0 	 0 	 0 	 19 	 0 	 0
1.34469e-09 	 0 	 0 	 0 	 19 	 0 	 0
1.34677e-09 	 0 	 0 	 0 	 19 	 0 	 0
1.3486e-09 	 0 	 0 	 0 	 19 	 0 	 0
1.35023e-09 	 0 	 0 	 0 	 19 	 0 	 0
1.3516e-09 	 0 	 0 	 0 	 19 	 0 	 0
1.35363e-09 	 0 	 0 	 0 	 19 	 0 	 0
1.35517e-09 	 0 	 0 	 0 	 19 	 0 	 0
1.35721e-09 	 0 	 0 	 0 	 19 	 0 	 0
1.35878e-09 	 0 	 0 	 0 	 19 	 0 	 0
1.35999e-09 	 0 	 0 	 0 	 19 	 0 	 0
1.36121e-09 	 0 	 0 	 0 	 19 	 0 	 0
1.36273e-09 	 0 	 0 	 0 	 19 	 0 	 0
1.3641e-09 	 0 	 0 	 0 	 19 	 0 	 0
1.36594e-09 	 0 	 0 	 0 	 19 	 0 	 0
1.36756e-09 	 0 	 0 	 0 	 19 	 0 	 0
1.36922e-09 	 0 	 0 	 0 	 19 	 0 	 0
1.37073e-09 	 0 	 0 	 0 	 19 	 0 	 0
1.37231e-09 	 0 	 0 	 0 	 19 	 0 	 0
1.37346e-09 	 0 	 0 	 0 	 19 	 0 	 0
1.37514e-09 	 0 	 0 	 0 	 19 	 0 	 0
1.37684e-09 	 0 	 0 	 0 	 19 	 0 	 0
1.37873e-09 	 0 	 0 	 0 	 19 	 0 	 0
1.38038e-09 	 0 	 0 	 0 	 19 	 0 	 0
1.38186e-09 	 0 	 0 	 0 	 19 	 0 	 0
1.38393e-09 	 0 	 0 	 0 	 19 	 0 	 0
1.38552e-09 	 0 	 0 	 0 	 19 	 0 	 0
1.38715e-09 	 0 	 0 	 0 	 19 	 0 	 0
1.38866e-09 	 0 	 0 	 0 	 19 	 0 	 0
1.39022e-09 	 0 	 0 	 0 	 19 	 0 	 0
1.3915e-09 	 0 	 0 	 0 	 19 	 0 	 0
1.39344e-09 	 0 	 0 	 0 	 19 	 0 	 0
1.39487e-09 	 0 	 0 	 0 	 19 	 0 	 0
1.39659e-09 	 0 	 0 	 0 	 19 	 0 	 0
1.39874e-09 	 0 	 0 	 0 	 19 	 0 	 0
1.40051e-09 	 0 	 0 	 0 	 19 	 0 	 0
1.40242e-09 	 0 	 0 	 0 	 19 	 0 	 0
1.40401e-09 	 0 	 0 	 0 	 19 	 0 	 0
1.4056e-09 	 0 	 0 	 0 	 19 	 0 	 0
1.40722e-09 	 0 	 0 	 0 	 19 	 0 	 0
1.40882e-09 	 0 	 0 	 0 	 19 	 0 	 0
1.41062e-09 	 0 	 0 	 0 	 19 	 0 	 0
1.41229e-09 	 0 	 0 	 0 	 19 	 0 	 0
1.41395e-09 	 0 	 0 	 0 	 19 	 0 	 0
1.41553e-09 	 0 	 0 	 0 	 19 	 0 	 0
1.41697e-09 	 0 	 0 	 0 	 19 	 0 	 0
1.41898e-09 	 0 	 0 	 0 	 19 	 0 	 0
1.42059e-09 	 0 	 0 	 0 	 19 	 0 	 0
1.42223e-09 	 0 	 0 	 0 	 19 	 0 	 0
1.42424e-09 	 0 	 0 	 0 	 19 	 0 	 0
1.42607e-09 	 0 	 0 	 0 	 19 	 0 	 0
1.42757e-09 	 0 	 0 	 0 	 19 	 0 	 0
1.42935e-09 	 0 	 0 	 0 	 19 	 0 	 0
1.43125e-09 	 0 	 0 	 0 	 19 	 0 	 0
1.43264e-09 	 0 	 0 	 0 	 19 	 0 	 0
1.43488e-09 	 0 	 0 	 0 	 19 	 0 	 0
1.43661e-09 	 0 	 0 	 0 	 19 	 0 	 0
1.4383e-09 	 0 	 0 	 0 	 19 	 0 	 0
1.43998e-09 	 0 	 0 	 0 	 19 	 0 	 0
1.44162e-09 	 0 	 0 	 0 	 19 	 0 	 0
1.44319e-09 	 0 	 0 	 0 	 19 	 0 	 0
1.44536e-09 	 0 	 0 	 0 	 19 	 0 	 0
1.44686e-09 	 0 	 0 	 0 	 19 	 0 	 0
1.44828e-09 	 0 	 0 	 0 	 19 	 0 	 0
1.44966e-09 	 0 	 0 	 0 	 19 	 0 	 0
1.45108e-09 	 0 	 0 	 0 	 19 	 0 	 0
1.45242e-09 	 0 	 0 	 0 	 19 	 0 	 0
1.45473e-09 	 0 	 0 	 0 	 19 	 0 	 0
1.45615e-09 	 0 	 0 	 0 	 19 	 0 	 0
1.4578e-09 	 0 	 0 	 0 	 19 	 0 	 0
1.45967e-09 	 0 	 0 	 0 	 19 	 0 	 0
1.46143e-09 	 0 	 0 	 0 	 19 	 0 	 0
1.46295e-09 	 0 	 0 	 0 	 19 	 0 	 0
1.46462e-09 	 0 	 0 	 0 	 19 	 0 	 0
1.46582e-09 	 0 	 0 	 0 	 19 	 0 	 0
1.46795e-09 	 0 	 0 	 0 	 19 	 0 	 0
1.46951e-09 	 0 	 0 	 0 	 19 	 0 	 0
1.47084e-09 	 -1.602e-06 	 0 	 0 	 19 	 -39.5293 	 -0.0263528
1.47234e-09 	 1.602e-06 	 0 	 0 	 19 	 35.0234 	 0.0233489
1.47413e-09 	 0 	 0 	 0 	 19 	 0 	 0
1.47569e-09 	 0 	 0 	 0 	 19 	 0 	 0
1.47719e-09 	 0 	 0 	 0 	 19 	 0 	 0
1.47906e-09 	 0 	 0 	 0 	 19 	 0 	 0
1.48111e-09 	 0 	 0 	 0 	 19 	 0 	 0
1.48291e-09 	 0 	 0 	 0 	 19 	 0 	 0
1.48444e-09 	 0 	 0 	 0 	 19 	 0 	 0
1.48605e-09 	 0 	 0 	 0 	 19 	 0 	 0
1.48839e-09 	 0 	 0 	 0 	 19 	 0 	 0
1.49022e-09 	 0 	 0 	 0 	 19 	 0 	 0
1.49214e-09 	 0 	 0 	 0 	 19 	 0 	 0
1.49343e-09 	 0 	 0 	 0 	 19 	 0 	 0
1.49557e-09 	 0 	 0 	 0 	 19 	 0 	 0
1.49775e-09 	 0 	 0 	 0 	 19 	 0 	 0
1.49906e-09 	 0 	 0 	 0 	 19 	 0 	 0
1.50069e-09 	 0 	 0 	 0 	 19 	 0 	 0
1.50227e-09 	 0 	 0 	 0 	 19 	 0 	 0
1.50382e-09 	 0 	 0 	 0 	 19 	 0 	 0
1.50533e-09 	 0 	 0 	 0 	 19 	 0 	 0
1.50715e-09 	 0 	 0 	 0 	 19 	 0 	 0
1.50878e-09 	 0 	 0 	 0 	 19 	 0 	 0
1.51067e-09 	 0 	 0 	 0 	 19 	 0 	 0
1.51243e-09 	 0 	 0 	 0 	 19 	 0 	 0
1.51414e-09 	 0 	 0 	 0 	 19 	 0 	 0
1.51575e-09 	 0 	 0 	 0 	 19 	 0 	 0
1.51719e-09 	 0 	 0 	 0 	 19 	 0 	 0
1.51901e-09 	 0 	 0 	 0 	 19 	 0 	 0
1.52086e-09 	 0 	 0 	 0 	 19 	 0 	 0
1.52297e-09 	 0 	 0 	 0 	 19 	 0 	 0
1.52516e-09 	 0 	 0 	 0 	 19 	 0 	 0
1.52697e-09 	 0 	 0 	 0 	 19 	 0 	 0
1.52879e-09 	 0 	 0 	 0 	 19 	 0 	 0
1.53025e-09 	 0 	 0 	 0 	 19 	 0 	 0
1.53205e-09 	 0 	 0 	 0 	 19 	 0 	 0
1.53421e-09 	 0 	 0 	 0 	 19 	 0 	 0
1.53591e-09 	 0 	 0 	 0 	 19 	 0 	 0
1.5379e-09 	 0 	 0 	 0 	 19 	 0 	 0
1.53963e-09 	 0 	 0 	 0 	 19 	 0 	 0
1.5421e-09 	 0 	 0 	 0 	 19 	 0 	 0
1.5437e-09 	 0 	 0 	 0 	 19 	 0 	 0
1.54513e-09 	 0 	 0 	 0 	 19 	 0 	 0
1.54689e-09 	 0 	 0 	 0 	 19 	 0 	 0
1.54889e-09 	 0 	 0 	 0 	 19 	 0 	 0
1.55089e-09 	 0 	 0 	 0 	 19 	 0 	 0
1.5523e-09 	 0 	 0 	 0 	 19 	 0 	 0
1.55412e-09 	 0 	 0 	 0 	 19 	 0 	 0
1.55573e-09 	 0 	 0 	 0 	 19 	 0 	 0
1.5571e-09 	 0 	 0 	 0 	 19 	 0 	 0
1.55878e-09 	 0 	 0 	 0 	 19 	 0 	 0
1.56053e-09 	 0 	 0 	 0 	 19 	 0 	 0
1.56224e-09 	 0 	 0 	 0 	 19 	 0 	 0
1.56434e-09 	 0 	 0 	 0 	 19 	 0 	 0
1.56695e-09 	 0 	 0 	 0 	 19 	 0 	 0
1.56844e-09 	 1.602e-06 	 0 	 0 	 19 	 35.2001 	 0.0234667
1.56999e-09 	 0 	 0 	 0 	 19 	 0 	 0
1.57156e-09 	 0 	 0 	 0 	 19 	 0 	 0
1.57322e-09 	 0 	 0 	 0 	 19 	 0 	 0
1.57521e-09 	 0 	 0 	 0 	 19 	 0 	 0
1.5766e-09 	 0 	 0 	 0 	 19 	 0 	 0
1.57845e-09 	 0 	 0 	 0 	 19 	 0 	 0
1.58021e-09 	 0 	 0 	 0 	 19 	 0 	 0
1.5816e-09 	 0 	 0 	 0 	 19 	 0 	 0
1.58311e-09 	 0 	 0 	 0 	 19 	 0 	 0
1.58471e-09 	 0 	 0 	 0 	 19 	 0 	 0
1.5863e-09 	 0 	 0 	 0 	 19 	 0 	 0
1.58813e-09 	 0 	 0 	 0 	 19 	 0 	 0
1.58986e-09 	 0 	 0 	 0 	 19 	 0 	 0
1.59123e-09 	 0 	 0 	 0 	 19 	 0 	 0
1.5929e-09 	 0 	 0 	 0 	 19 	 0 	 0
1.59518e-09 	 0 	 0 	 0 	 19 	 0 	 0
1.59674e-09 	 0 	 0 	 0 	 19 	 0 	 0
1.59837e-09 	 0 	 0 	 0 	 19 	 0 	 0
1.60033e-09 	 0 	 0 	 0 	 19 	 0 	 0
1.60151e-09 	 8.01e-06 	 1 	 0 	 19 	 86.4259 	 0.0576173
1.61096e-09 	 1.602e-06 	 0 	 0 	 19 	 5.57286 	 0.00371524
1.61439e-09 	 0 	 0 	 0 	 19 	 0 	 0
1.61804e-09 	 -1.602e-06 	 0 	 0 	 19 	 -14.4251 	 -0.00961676
1.62698e-09 	 1.602e-06 	 0 	 0 	 19 	 5.8855 	 0.00392366
1.63375e-09 	 0 	 0 	 0 	 19 	 0 	 0
1.64225e-09 	 0 	 0 	 0 	 19 	 0 	 0
1.65105e-09 	 0 	 0 	 0 	 19 	 0 	 0
1.6561e-09 	 0 	 0 	 0 	 19 	 0 	 0
1.66071e-09 	 1.602e-06 	 0 	 0 	 19 	 11.4191 	 0.00761273
1.66302e-09 	 1.602e-06 	 0 	 0 	 19 	 22.7814 	 0.0151876
1.66537e-09 	 0 	 0 	 0 	 19 	 0 	 0
1.66727e-09 	 0 	 0 	 0 	 19 	 0 	 0
1.66937e-09 	 0 	 0 	 0 	 19 	 0 	 0
1.67091e-09 	 0 	 0 	 0 	 19 	 0 	 0
1.67262e-09 	 0 	 0 	 0 	 19 	 0 	 0
1.67772e-09 	 -4.806e-06 	 0 	 0 	 19 	 -30.9269 	 -0.020618
1.68211e-09 	 -1.602e-06 	 0 	 0 	 19 	 -11.9869 	 -0.00799125
1.68757e-09 	 1.602e-06 	 0 	 0 	 19 	 9.65255 	 0.00643503
1.69055e-09 	 -1.602e-06 	 0 	 0 	 19 	 -17.6238 	 -0.0117492
1.69551e-09 	 0 	 0 	 0 	 19 	 0 	 0
1.70018e-09 	 0 	 0 	 0 	 19 	 0 	 0
1.70442e-09 	 4.806e-06 	 0 	 0 	 19 	 37.1909 	 0.0247939
1.70799e-09 	 4.806e-06 	 0 	 0 	 19 	 44.273 	 0.0295153
1.7096e-09 	 -3.204e-06 	 0 	 0 	 19 	 -65.3918 	 -0.0435945
1.71147e-09 	 3.204e-06 	 0 	 0 	 19 	 56.1764 	 0.037451
9.44225e-13 	 3.5244e-05 	 12 	 0 	 20 	 1640.99 	 1.09399
1.89279e-12 	 1.602e-06 	 1 	 0 	 20 	 -1412.81 	 -0.941876
2.85672e-12 	 1.602e-06 	 2 	 0 	 20 	 32.8622 	 0.0219081
3.84478e-12 	 4.806e-06 	 0 	 0 	 20 	 151.813 	 0.101209
4.78749e-12 	 -3.204e-06 	 1 	 0 	 20 	 92.0128 	 0.0613419
5.71825e-12 	 1.602e-06 	 0 	 0 	 20 	 53.7191 	 0.0358127
6.66956e-12 	 -1.602e-06 	 0 	 0 	 20 	 -52.5595 	 -0.0350397
7.6226e-12 	 6.408e-06 	 1 	 0 	 20 	 550.767 	 0.367178
8.57074e-12 	 4.806e-06 	 1 	 0 	 20 	 153.942 	 0.102628
9.54728e-12 	 4.806e-06 	 0 	 0 	 20 	 153.603 	 0.102402
1.05028e-11 	 4.806e-06 	 2 	 0 	 20 	 65.6434 	 0.0437622
1.14476e-11 	 0 	 1 	 0 	 20 	 30.8261 	 0.0205508
1.2444e-11 	 1.602e-06 	 0 	 0 	 20 	 50.179 	 0.0334527
1.34223e-11 	 1.602e-06 	 0 	 0 	 20 	 51.1124 	 0.0340749
1.43842e-11 	 1.602e-06 	 0 	 0 	 20 	 51.9801 	 0.0346534
1.52983e-11 	 1.602e-06 	 0 	 0 	 20 	 54.6967 	 0.0364644
1.62257e-11 	 9.612e-06 	 0 	 0 	 20 	 323.496 	 0.215664
1.71711e-11 	 -3.204e-06 	 0 	 0 	 20 	 -105.766 	 -0.0705104
1.82506e-11 	 6.408e-06 	 0 	 0 	 20 	 185.284 	 0.123523
1.93168e-11 	 4.806e-06 	 0 	 0 	 20 	 140.685 	 0.0937903
2.03421e-11 	 4.806e-06 	 0 	 0 	 20 	 146.301 	 0.097534
2.14749e-11 	 1.602e-06 	 0 	 0 	 20 	 44.1372 	 0.0294248
2.26972e-11 	 -1.602e-06 	 0 	 0 	 20 	 -40.9049 	 -0.0272699
2.37698e-11 	 1.602e-06 	 0 	 0 	 20 	 46.6194 	 0.0310796
2.5055e-11 	 4.806e-06 	 0 	 0 	 20 	 116.707 	 0.0778049
2.61118e-11 	 -8.01e-06 	 0 	 0 	 20 	 -236.56 	 -0.157706
2.70667e-11 	 4.806e-06 	 0 	 0 	 20 	 157.088 	 0.104725
2.81241e-11 	 1.602e-06 	 0 	 0 	 20 	 47.2883 	 0.0315256
2.90595e-11 	 1.602e-06 	 0 	 0 	 20 	 53.4518 	 0.0356345
3.0096e-11 	 0 	 0 	 0 	 20 	 0 	 0
3.12803e-11 	 0 	 0 	 0 	 20 	 0 	 0
3.24031e-11 	 0 	 0 	 0 	 20 	 0 	 0
3.35502e-11 	 0 	 0 	 0 	 20 	 0 	 0
3.4592e-11 	 0 	 0 	 0 	 20 	 0 	 0
3.56609e-11 	 0 	 0 	 0 	 20 	 0 	 0
3.69228e-11 	 0 	 0 	 0 	 20 	 0 	 0
3.80195e-11 	 0 	 0 	 0 	 20 	 0 	 0
3.91617e-11 	 0 	 0 	 0 	 20 	 0 	 0
4.03356e-11 	 0 	 0 	 0 	 20 	 0 	 0
4.15797e-11 	 0 	 0 	 0 	 20 	 0 	 0
4.26848e-11 	 0 	 0 	 0 	 20 	 0 	 0
4.3831e-11 	 0 	 0 	 0 	 20 	 0 	 0
4.50357e-11 	 0 	 0 	 0 	 20 	 0 	 0
4.616e-11 	 0 	 0 	 0 	 20 	 0 	 0
4.73485e-11 	 -1.602e-06 	 0 	 0 	 20 	 -42.0721 	 -0.0280481
4.84646e-11 	 1.602e-06 	 0 	 0 	 20 	 44.7967 	 0.0298645
4.97727e-11 	 -1.602e-06 	 0 	 0 	 20 	 -38.2242 	 -0.0254828
5.07849e-11 	 0 	 0 	 0 	 20 	 0 	 0
5.18594e-11 	 1.602e-06 	 0 	 0 	 20 	 46.5308 	 0.0310205
5.29933e-11 	 3.204e-06 	 0 	 0 	 20 	 88.1959 	 0.0587973
5.42339e-11 	 -3.204e-06 	 0 	 0 	 20 	 -80.6055 	 -0.053737
5.53649e-11 	 0 	 0 	 0 	 20 	 0 	 0
5.66799e-11 	 0 	 0 	 0 	 20 	 0 	 0
5.78674e-11 	 0 	 0 	 0 	 20 	 0 	 0
5.90261e-11 	 3.204e-06 	 0 	 0 	 20 	 86.3019 	 0.0575346
6.00639e-11 	 1.602e-06 	 0 	 0 	 20 	 48.1794 	 0.0321196
6.11898e-11 	 0 	 0 	 0 	 20 	 0 	 0
6.22141e-11 	 0 	 0 	 0 	 20 	 0 	 0
6.36825e-11 	 0 	 0 	 0 	 20 	 0 	 0
6.48587e-11 	 0 	 0 	 0 	 20 	 0 	 0
6.62607e-11 	 0 	 0 	 0 	 20 	 0 	 0
6.74665e-11 	 -1.602e-06 	 0 	 0 	 20 	 -41.4688 	 -0.0276459
6.86406e-11 	 1.602e-06 	 0 	 0 	 20 	 42.5844 	 0.0283896
6.99814e-11 	 0 	 0 	 0 	 20 	 0 	 0
7.12333e-11 	 0 	 0 	 0 	 20 	 0 	 0
7.24068e-11 	 0 	 0 	 0 	 20 	 0 	 0
7.36695e-11 	 0 	 0 	 0 	 20 	 0 	 0
7.47964e-11 	 0 	 0 	 0 	 20 	 0 	 0
7.58147e-11 	 3.204e-06 	 0 	 0 	 20 	 98.1996 	 0.0654664
7.70515e-11 	 1.602e-06 	 0 	 0 	 20 	 40.4274 	 0.0269516
7.82415e-11 	 0 	 0 	 0 	 20 	 0 	 0
7.94149e-11 	 -1.602e-06 	 0 	 0 	 20 	 -42.6136 	 -0.0284091
8.04621e-11 	 4.806e-06 	 0 	 0 	 20 	 143.238 	 0.0954917
8.16874e-11 	 -1.602e-06 	 0 	 0 	 20 	 -40.8059 	 -0.027204
8.27505e-11 	 0 	 0 	 0 	 20 	 0 	 0
8.37702e-11 	 0 	 0 	 0 	 20 	 0 	 0
8.49466e-11 	 0 	 0 	 0 	 20 	 0 	 0
8.61561e-11 	 0 	 0 	 0 	 20 	 0 	 0
8.73357e-11 	 1.602e-06 	 0 	 0 	 20 	 42.386 	 0.0282574
8.8829e-11 	 -1.602e-06 	 0 	 0 	 20 	 -33.483 	 -0.022322
8.98387e-11 	 0 	 0 	 0 	 20 	 0 	 0
9.10427e-11 	 4.806e-06 	 0 	 0 	 20 	 124.584 	 0.0830561
9.22483e-11 	 0 	 0 	 0 	 20 	 0 	 0
9.33102e-11 	 0 	 0 	 0 	 20 	 0 	 0
9.45806e-11 	 0 	 0 	 0 	 20 	 0 	 0
9.60862e-11 	 0 	 0 	 0 	 20 	 0 	 0
9.71275e-11 	 6.408e-06 	 0 	 0 	 20 	 192.072 	 0.128048
9.82288e-11 	 0 	 0 	 0 	 20 	 0 	 0
9.94114e-11 	 0 	 0 	 0 	 20 	 0 	 0
1.00753e-10 	 0 	 0 	 0 	 20 	 0 	 0
1.02059e-10 	 0 	 0 	 0 	 20 	 0 	 0
1.03181e-10 	 0 	 0 	 0 	 20 	 0 	 0
1.04385e-10 	 0 	 0 	 0 	 20 	 0 	 0
1.05614e-10 	 0 	 0 	 0 	 20 	 0 	 0
1.07184e-10 	 0 	 0 	 0 	 20 	 0 	 0
1.08525e-10 	 0 	 0 	 0 	 20 	 0 	 0
1.09795e-10 	 0 	 0 	 0 	 20 	 0 	 0
1.11185e-10 	 0 	 0 	 0 	 20 	 0 	 0
1.12263e-10 	 0 	 0 	 0 	 20 	 0 	 0
1.1345e-10 	 0 	 0 	 0 	 20 	 0 	 0
1.14573e-10 	 0 	 0 	 0 	 20 	 0 	 0
1.15901e-10 	 0 	 0 	 0 	 20 	 0 	 0
1.1712e-10 	 0 	 0 	 0 	 20 	 0 	 0
1.18476e-10 	 0 	 0 	 0 	 20 	 0 	 0
1.19663e-10 	 0 	 0 	 0 	 20 	 0 	 0
1.20825e-10 	 0 	 0 	 0 	 20 	 0 	 0
1.22363e-10 	 0 	 0 	 0 	 20 	 0 	 0
1.23572e-10 	 0 	 0 	 0 	 20 	 0 	 0
1.2466e-10 	 0 	 0 	 0 	 20 	 0 	 0
1.2571e-10 	 0 	 0 	 0 	 20 	 0 	 0
1.27032e-10 	 0 	 0 	 0 	 20 	 0 	 0
1.28107e-10 	 0 	 0 	 0 	 20 	 0 	 0
1.29385e-10 	 0 	 0 	 0 	 20 	 0 	 0
1.30901e-10 	 0 	 0 	 0 	 20 	 0 	 0
1.32206e-10 	 0 	 0 	 0 	 20 	 0 	 0
1.3343e-10 	 0 	 0 	 0 	 20 	 0 	 0
1.34613e-10 	 0 	 0 	 0 	 20 	 0 	 0
1.35834e-10 	 0 	 0 	 0 	 20 	 0 	 0
1.37108e-10 	 0 	 0 	 0 	 20 	 0 	 0
1.38253e-10 	 0 	 0 	 0 	 20 	 0 	 0
1.39405e-10 	 0 	 0 	 0 	 20 	 0 	 0
1.40611e-10 	 0 	 0 	 0 	 20 	 0 	 0
1.4173e-10 	 0 	 0 	 0 	 20 	 0 	 0
1.43183e-10 	 0 	 0 	 0 	 20 	 0 	 0
1.44291e-10 	 0 	 0 	 0 	 20 	 0 	 0
1.45472e-10 	 0 	 0 	 0 	 20 	 0 	 0
1.46894e-10 	 0 	 0 	 0 	 20 	 0 	 0
1.4835e-10 	 1.602e-06 	 0 	 0 	 20 	 34.3549 	 0.0229033
1.4946e-10 	 0 	 0 	 0 	 20 	 0 	 0
1.50831e-10 	 0 	 0 	 0 	 20 	 0 	 0
1.51905e-10 	 3.204e-06 	 0 	 0 	 20 	 93.1468 	 0.0620979
1.52912e-10 	 -1.602e-06 	 0 	 0 	 20 	 -49.6406 	 -0.0330937
1.54089e-10 	 0 	 0 	 0 	 20 	 0 	 0
1.55531e-10 	 -4.806e-06 	 0 	 0 	 20 	 -104.025 	 -0.0693499
1.60422e-10 	 0 	 0 	 0 	 20 	 0 	 0
1.70567e-10 	 0 	 0 	 0 	 20 	 0 	 0
1.75237e-10 	 -4.806e-06 	 0 	 0 	 20 	 -32.1243 	 -0.0214162
1.76928e-10 	 1.602e-06 	 0 	 0 	 20 	 29.5686 	 0.0197124
1.78323e-10 	 0 	 0 	 0 	 20 	 0 	 0
1.80051e-10 	 3.204e-06 	 0 	 0 	 20 	 57.8941 	 0.0385961
1.83499e-10 	 0 	 0 	 0 	 20 	 0 	 0
1.87885e-10 	 4.806e-06 	 0 	 0 	 20 	 34.2024 	 0.0228016
1.94093e-10 	 1.602e-06 	 0 	 0 	 20 	 8.05355 	 0.00536903
1.98516e-10 	 1.602e-06 	 0 	 0 	 20 	 11.3045 	 0.0075363
2.04645e-10 	 1.602e-06 	 0 	 0 	 20 	 8.1581 	 0.00543873
2.09466e-10 	 0 	 0 	 0 	 20 	 0 	 0
2.14456e-10 	 0 	 0 	 0 	 20 	 0 	 0
2.20108e-10 	 0 	 0 	 0 	 20 	 0 	 0
2.29761e-10 	 0 	 0 	 0 	 20 	 0 	 0
2.37107e-10 	 0 	 0 	 0 	 20 	 0 	 0
2.42041e-10 	 1.602e-06 	 0 	 0 	 20 	 10.1334 	 0.00675558
2.55396e-10 	 0 	 0 	 0 	 20 	 0 	 0
2.62987e-10 	 0 	 0 	 0 	 20 	 0 	 0
2.7089e-10 	 0 	 0 	 0 	 20 	 0 	 0
2.80747e-10 	 0 	 0 	 0 	 20 	 0 	 0
2.92158e-10 	 0 	 0 	 0 	 20 	 0 	 0
2.98936e-10 	 0 	 0 	 0 	 20 	 0 	 0
3.02868e-10 	 -1.602e-06 	 0 	 0 	 20 	 -12.7149 	 -0.00847658
3.10165e-10 	 0 	 0 	 0 	 20 	 0 	 0
3.2153e-10 	 0 	 0 	 0 	 20 	 0 	 0
3.30864e-10 	 0 	 0 	 0 	 20 	 0 	 0
3.35008e-10 	 0 	 0 	 0 	 20 	 0 	 0
3.39691e-10 	 0 	 0 	 0 	 20 	 0 	 0
3.49663e-10 	 0 	 0 	 0 	 20 	 0 	 0
3.55987e-10 	 4.806e-06 	 0 	 0 	 20 	 23.7201 	 0.0158134
3.63204e-10 	 -1.602e-06 	 0 	 0 	 20 	 -6.92756 	 -0.00461838
3.69231e-10 	 0 	 0 	 0 	 20 	 0 	 0
3.76288e-10 	 0 	 0 	 0 	 20 	 0 	 0
3.79544e-10 	 1.602e-06 	 0 	 0 	 20 	 15.3547 	 0.0102364
3.83201e-10 	 4.806e-06 	 0 	 0 	 20 	 41.0181 	 0.0273454
3.93567e-10 	 0 	 0 	 0 	 20 	 0 	 0
4.02183e-10 	 1.602e-06 	 0 	 0 	 20 	 5.80353 	 0.00386902
4.04987e-10 	 6.408e-06 	 0 	 0 	 20 	 71.3261 	 0.0475508
4.15711e-10 	 0 	 0 	 0 	 20 	 0 	 0
4.19278e-10 	 0 	 0 	 0 	 20 	 0 	 0
4.25298e-10 	 0 	 0 	 0 	 20 	 0 	 0
4.27804e-10 	 0 	 0 	 0 	 20 	 0 	 0
4.3184e-10 	 0 	 0 	 0 	 20 	 0 	 0
4.40934e-10 	 0 	 0 	 0 	 20 	 0 	 0
4.4946e-10 	 0 	 0 	 0 	 20 	 0 	 0
4.57662e-10 	 0 	 0 	 0 	 20 	 0 	 0
4.67433e-10 	 0 	 0 	 0 	 20 	 0 	 0
4.79471e-10 	 0 	 0 	 0 	 20 	 0 	 0
4.87643e-10 	 0 	 0 	 0 	 20 	 0 	 0
4.99322e-10 	 0 	 0 	 0 	 20 	 0 	 0
5.06273e-10 	 0 	 0 	 0 	 20 	 0 	 0
5.11216e-10 	 0 	 0 	 0 	 20 	 0 	 0
5.20709e-10 	 0 	 0 	 0 	 20 	 0 	 0
5.26577e-10 	 0 	 0 	 0 	 20 	 0 	 0
5.32752e-10 	 0 	 0 	 0 	 20 	 0 	 0
5.36309e-10 	 0 	 0 	 0 	 20 	 0 	 0
5.41531e-10 	 0 	 0 	 0 	 20 	 0 	 0
5.46519e-10 	 0 	 0 	 0 	 20 	 0 	 0
5.50907e-10 	 -1.602e-06 	 0 	 0 	 20 	 -11.3962 	 -0.00759747
5.55125e-10 	 -1.602e-06 	 0 	 0 	 20 	 -11.8539 	 -0.00790263
5.62636e-10 	 1.602e-06 	 0 	 0 	 20 	 6.65667 	 0.00443778
5.65578e-10 	 -1.602e-06 	 0 	 0 	 20 	 -16.9966 	 -0.011331
5.76788e-10 	 0 	 0 	 0 	 20 	 0 	 0
5.84694e-10 	 0 	 0 	 0 	 20 	 0 	 0
5.8792e-10 	 0 	 0 	 0 	 20 	 0 	 0
5.92479e-10 	 -3.204e-06 	 0 	 0 	 20 	 -21.9347 	 -0.0146231
5.97168e-10 	 0 	 0 	 0 	 20 	 0 	 0
6.00252e-10 	 0 	 0 	 0 	 20 	 0 	 0
6.0306e-10 	 6.408e-06 	 0 	 0 	 20 	 71.2348 	 0.0474899
6.05008e-10 	 0 	 0 	 0 	 20 	 0 	 0
6.08851e-10 	 -1.602e-06 	 0 	 0 	 20 	 -13.0107 	 -0.00867382
6.10557e-10 	 4.806e-06 	 0 	 0 	 20 	 87.9329 	 0.0586219
6.14679e-10 	 -3.204e-06 	 0 	 0 	 20 	 -24.2599 	 -0.0161733
6.21606e-10 	 0 	 0 	 0 	 20 	 0 	 0
6.27976e-10 	 0 	 0 	 0 	 20 	 0 	 0
6.37627e-10 	 0 	 0 	 0 	 20 	 0 	 0
6.42794e-10 	 0 	 0 	 0 	 20 	 0 	 0
6.49162e-10 	 0 	 0 	 0 	 20 	 0 	 0
6.54054e-10 	 1.602e-06 	 0 	 0 	 20 	 10.2213 	 0.00681418
6.65562e-10 	 -1.602e-06 	 0 	 0 	 20 	 -4.34484 	 -0.00289656
6.71823e-10 	 0 	 0 	 0 	 20 	 0 	 0
6.80877e-10 	 0 	 0 	 0 	 20 	 0 	 0
6.86267e-10 	 0 	 0 	 0 	 20 	 0 	 0
6.95201e-10 	 0 	 0 	 0 	 20 	 0 	 0
7.06302e-10 	 0 	 0 	 0 	 20 	 0 	 0
7.08132e-10 	 1.602e-06 	 0 	 0 	 20 	 27.3217 	 0.0182145
7.09041e-10 	 0 	 0 	 0 	 20 	 0 	 0
7.12163e-10 	 -1.602e-06 	 0 	 0 	 20 	 -16.0122 	 -0.0106748
7.16334e-10 	 -1.602e-06 	 0 	 0 	 20 	 -11.9885 	 -0.00799235
7.18643e-10 	 0 	 0 	 0 	 20 	 0 	 0
7.22854e-10 	 0 	 1 	 0 	 20 	 177.157 	 0.118105
7.3346e-10 	 1.602e-06 	 0 	 0 	 20 	 4.71408 	 0.00314272
7.3782e-10 	 6.408e-06 	 0 	 0 	 20 	 45.8727 	 0.0305818
7.40122e-10 	 0 	 0 	 0 	 20 	 0 	 0
7.41401e-10 	 9.612e-06 	 0 	 0 	 20 	 234.682 	 0.156455
7.42826e-10 	 -6.408e-06 	 0 	 0 	 20 	 -140.323 	 -0.0935484
7.44027e-10 	 0 	 0 	 0 	 20 	 0 	 0
7.48856e-10 	 1.602e-06 	 0 	 0 	 20 	 10.3552 	 0.00690348
7.52287e-10 	 4.806e-06 	 0 	 0 	 20 	 43.7169 	 0.0291446
7.59221e-10 	 0 	 0 	 0 	 20 	 0 	 0
7.64001e-10 	 3.204e-06 	 0 	 0 	 20 	 20.9215 	 0.0139477
7.65647e-10 	 0 	 0 	 0 	 20 	 0 	 0
7.67695e-10 	 0 	 0 	 0 	 20 	 0 	 0
7.74926e-10 	 0 	 0 	 0 	 20 	 0 	 0
7.83452e-10 	 -3.204e-06 	 0 	 0 	 20 	 -11.7288 	 -0.00781918
7.94971e-10 	 0 	 0 	 0 	 20 	 0 	 0
8.03725e-10 	 0 	 0 	 0 	 20 	 0 	 0
8.15332e-10 	 0 	 0 	 0 	 20 	 0 	 0
8.28872e-10 	 0 	 0 	 0 	 20 	 0 	 0
8.37293e-10 	 0 	 0 	 0 	 20 	 0 	 0
8.46279e-10 	 0 	 0 	 0 	 20 	 0 	 0
8.53144e-10 	 -1.602e-06 	 0 	 0 	 20 	 -7.28268 	 -0.00485512
8.59301e-10 	 1.602e-06 	 0 	 0 	 20 	 8.12168 	 0.00541446
8.65604e-10 	 0 	 0 	 0 	 20 	 0 	 0
8.77087e-10 	 0 	 0 	 0 	 20 	 0 	 0
8.8378e-10 	 0 	 0 	 0 	 20 	 0 	 0
8.93194e-10 	 0 	 0 	 0 	 20 	 0 	 0
9.00198e-10 	 0 	 0 	 0 	 20 	 0 	 0
9.0787e-10 	 -1.602e-06 	 0 	 0 	 20 	 -6.51651 	 -0.00434434
9.10417e-10 	 1.602e-06 	 0 	 0 	 20 	 19.6339 	 0.0130893
9.15955e-10 	 0 	 0 	 0 	 20 	 0 	 0
9.22648e-10 	 0 	 0 	 0 	 20 	 0 	 0
9.29656e-10 	 0 	 0 	 0 	 20 	 0 	 0
9.40114e-10 	 0 	 0 	 0 	 20 	 0 	 0
9.53354e-10 	 0 	 0 	 0 	 20 	 0 	 0
9.67181e-10 	 0 	 0 	 0 	 20 	 0 	 0
9.81627e-10 	 0 	 0 	 0 	 20 	 0 	 0
9.9e-10 	 0 	 0 	 0 	 20 	 0 	 0
1.00624e-09 	 0 	 0 	 0 	 20 	 0 	 0
1.01565e-09 	 0 	 0 	 0 	 20 	 0 	 0
1.03078e-09 	 0 	 0 	 0 	 20 	 0 	 0
1.04354e-09 	 0 	 0 	 0 	 20 	 0 	 0
1.06364e-09 	 0 	 0 	 0 	 20 	 0 	 0
1.0718e-09 	 0 	 0 	 0 	 20 	 0 	 0
1.0879e-09 	 0 	 0 	 0 	 20 	 0 	 0
1.10185e-09 	 0 	 0 	 0 	 20 	 0 	 0
1.12026e-09 	 0 	 0 	 0 	 20 	 0 	 0
1.12604e-09 	 0 	 0 	 0 	 20 	 0 	 0
1.1404e-09 	 0 	 0 	 0 	 20 	 0 	 0
1.14599e-09 	 0 	 0 	 0 	 20 	 0 	 0
1.1529e-09 	 0 	 0 	 0 	 20 	 0 	 0
1.16417e-09 	 0 	 0 	 0 	 20 	 0 	 0
1.17338e-09 	 0 	 0 	 0 	 20 	 0 	 0
1.18136e-09 	 0 	 0 	 0 	 20 	 0 	 0
1.19193e-09 	 0 	 0 	 0 	 20 	 0 	 0
1.20257e-09 	 0 	 0 	 0 	 20 	 0 	 0
1.21466e-09 	 0 	 0 	 0 	 20 	 0 	 0
1.22798e-09 	 0 	 0 	 0 	 20 	 0 	 0
1.23939e-09 	 0 	 0 	 0 	 20 	 0 	 0
1.25262e-09 	 0 	 0 	 0 	 20 	 0 	 0
1.25828e-09 	 0 	 0 	 0 	 20 	 0 	 0
1.27132e-09 	 0 	 0 	 0 	 20 	 0 	 0
1.27948e-09 	 0 	 0 	 0 	 20 	 0 	 0
1.28749e-09 	 0 	 0 	 0 	 20 	 0 	 0
1.30087e-09 	 0 	 0 	 0 	 20 	 0 	 0
1.31312e-09 	 0 	 0 	 0 	 20 	 0 	 0
1.32253e-09 	 0 	 0 	 0 	 20 	 0 	 0
1.33688e-09 	 0 	 0 	 0 	 20 	 0 	 0
1.34941e-09 	 0 	 0 	 0 	 20 	 0 	 0
1.35588e-09 	 0 	 0 	 0 	 20 	 0 	 0
1.36351e-09 	 0 	 0 	 0 	 20 	 0 	 0
1.37802e-09 	 0 	 0 	 0 	 20 	 0 	 0
1.38295e-09 	 0 	 0 	 0 	 20 	 0 	 0
1.39046e-09 	 0 	 0 	 0 	 20 	 0 	 0
1.40333e-09 	 0 	 0 	 0 	 20 	 0 	 0
1.41923e-09 	 0 	 0 	 0 	 20 	 0 	 0
1.42414e-09 	 0 	 0 	 0 	 20 	 0 	 0
1.42917e-09 	 0 	 0 	 0 	 20 	 0 	 0
1.43602e-09 	 0 	 0 	 0 	 20 	 0 	 0
1.44595e-09 	 0 	 0 	 0 	 20 	 0 	 0
1.45091e-09 	 0 	 0 	 0 	 20 	 0 	 0
1.45786e-09 	 0 	 0 	 0 	 20 	 0 	 0
1.46683e-09 	 0 	 0 	 0 	 20 	 0 	 0
1.47797e-09 	 0 	 0 	 0 	 20 	 0 	 0
1.49079e-09 	 0 	 0 	 0 	 20 	 0 	 0
1.50495e-09 	 0 	 0 	 0 	 20 	 0 	 0
1.52116e-09 	 0 	 0 	 0 	 20 	 0 	 0
1.53516e-09 	 0 	 0 	 0 	 20 	 0 	 0
1.54301e-09 	 0 	 0 	 0 	 20 	 0 	 0
1.55001e-09 	 0 	 0 	 0 	 20 	 0 	 0
1.55591e-09 	 0 	 0 	 0 	 20 	 0 	 0
1.57064e-09 	 0 	 0 	 0 	 20 	 0 	 0
1.58121e-09 	 0 	 0 	 0 	 20 	 0 	 0
1.59086e-09 	 0 	 0 	 0 	 20 	 0 	 0
1.61264e-09 	 0 	 0 	 0 	 20 	 0 	 0
1.62364e-09 	 0 	 0 	 0 	 20 	 0 	 0
1.62912e-09 	 -1.602e-06 	 0 	 0 	 20 	 -9.13923 	 -0.00609282
1.6391e-09 	 1.602e-06 	 0 	 0 	 20 	 5.00663 	 0.00333775
1.64305e-09 	 1.602e-06 	 2 	 0 	 20 	 113.292 	 0.075528
1.64933e-09 	 -1.602e-06 	 1 	 0 	 20 	 -135.335 	 -0.0902234
1.66354e-09 	 0 	 0 	 0 	 20 	 0 	 0
1.67049e-09 	 0 	 0 	 0 	 20 	 0 	 0
1.68079e-09 	 0 	 0 	 0 	 20 	 0 	 0
1.68847e-09 	 1.602e-06 	 0 	 0 	 20 	 6.50411 	 0.00433607
1.69908e-09 	 0 	 0 	 0 	 20 	 0 	 0
1.71298e-09 	 0 	 0 	 0 	 20 	 0 	 0
1.72852e-09 	 3.204e-06 	 0 	 0 	 20 	 6.4374 	 0.0042916
1.73798e-09 	 0 	 0 	 0 	 20 	 0 	 0
1.74672e-09 	 0 	 0 	 0 	 20 	 0 	 0
1.75507e-09 	 0 	 0 	 0 	 20 	 0 	 0
1.76142e-09 	 0 	 0 	 0 	 20 	 0 	 0
1.77555e-09 	 0 	 0 	 0 	 20 	 0 	 0
1.78958e-09 	 0 	 0 	 0 	 20 	 0 	 0
1.79846e-09 	 0 	 0 	 0 	 20 	 0 	 0
1.80901e-09 	 0 	 0 	 0 	 20 	 0 	 0
1.81769e-09 	 0 	 0 	 0 	 20 	 0 	 0
1.8282e-09 	 0 	 0 	 0 	 20 	 0 	 0
1.83858e-09 	 0 	 0 	 0 	 20 	 0 	 0
1.8487e-09 	 0 	 0 	 0 	 20 	 0 	 0
1.85674e-09 	 0 	 0 	 0 	 20 	 0 	 0
1.87149e-09 	 0 	 0 	 0 	 20 	 0 	 0
1.88159e-09 	 0 	 0 	 0 	 20 	 0 	 0
1.88993e-09 	 0 	 0 	 0 	 20 	 0 	 0
1.90308e-09 	 0 	 0 	 0 	 20 	 0 	 0
1.91591e-09 	 0 	 0 	 0 	 20 	 0 	 0
1.92573e-09 	 0 	 0 	 0 	 20 	 0 	 0
1.93446e-09 	 0 	 0 	 0 	 20 	 0 	 0
1.94101e-09 	 0 	 0 	 0 	 20 	 0 	 0
1.95115e-09 	 0 	 0 	 0 	 20 	 0 	 0
1.96118e-09 	 0 	 0 	 0 	 20 	 0 	 0
1.97882e-09 	 0 	 0 	 0 	 20 	 0 	 0
1.98655e-09 	 0 	 0 	 0 	 20 	 0 	 0
1.99852e-09 	 0 	 0 	 0 	 20 	 0 	 0
2.00863e-09 	 0 	 0 	 0 	 20 	 0 	 0
2.02034e-09 	 0 	 0 	 0 	 20 	 0 	 0
2.02742e-09 	 0 	 0 	 0 	 20 	 0 	 0
2.03653e-09 	 0 	 0 	 0 	 20 	 0 	 0
2.04617e-09 	 0 	 0 	 0 	 20 	 0 	 0
2.05649e-09 	 0 	 0 	 0 	 20 	 0 	 0
2.06443e-09 	 0 	 0 	 0 	 20 	 0 	 0
2.07157e-09 	 0 	 0 	 0 	 20 	 0 	 0
2.07914e-09 	 0 	 0 	 0 	 20 	 0 	 0
2.09062e-09 	 0 	 0 	 0 	 20 	 0 	 0
2.09445e-09 	 -1.602e-06 	 0 	 0 	 20 	 -13.048 	 -0.0086987
2.09817e-09 	 0 	 2 	 0 	 20 	 83.0343 	 0.0553562
2.09962e-09 	 0 	 0 	 0 	 20 	 0 	 0
2.10115e-09 	 0 	 0 	 0 	 20 	 0 	 0
2.10288e-09 	 0 	 0 	 0 	 20 	 0 	 0
2.10425e-09 	 0 	 0 	 0 	 20 	 0 	 0
2.1067e-09 	 3.204e-06 	 0 	 0 	 20 	 40.7897 	 0.0271932
2.11053e-09 	 0 	 0 	 0 	 20 	 0 	 0
2.33626e-09 	 0 	 0 	 0 	 20 	 0 	 0
2.53334e-09 	 -1.602e-06 	 0 	 0 	 20 	 -0.2537 	 -0.000169133
2.74082e-09 	 0 	 0 	 0 	 20 	 0 	 0
2.84025e-09 	 0 	 0 	 0 	 20 	 0 	 0
3.2717e-09 	 -1.602e-06 	 1 	 0 	 19 	 333.618 	 0.222412
3.83496e-09 	 1.602e-06 	 0 	 0 	 20 	 0.0887697 	 5.91798e-05
4.29568e-09 	 0 	 0 	 0 	 20 	 0 	 0
4.51435e-09 	 1.602e-06 	 0 	 0 	 20 	 0.228659 	 0.000152439
4.54084e-09 	 -3.204e-06 	 0 	 0 	 20 	 -3.77471 	 -0.00251647
4.56001e-09 	 0 	 0 	 0 	 20 	 0 	 0
4.5985e-09 	 -4.806e-06 	 0 	 0 	 20 	 -3.89806 	 -0.00259871
4.67976e-09 	 0 	 0 	 0 	 20 	 0 	 0
5.06204e-09 	 -1.602e-06 	 0 	 0 	 20 	 -0.130796 	 -8.71976e-05
5.12926e-09 	 -3.204e-06 	 0 	 0 	 20 	 -1.48765 	 -0.000991764
5.45227e-09 	 6.408e-06 	 1 	 0 	 20 	 53.0743 	 0.0353829
5.45502e-09 	 -1.602e-06 	 2 	 0 	 20 	 -100.1 	 -0.0667332
5.45752e-09 	 0 	 0 	 0 	 20 	 0 	 0
5.45923e-09 	 0 	 0 	 0 	 20 	 0 	 0
5.59157e-09 	 3.204e-06 	 0 	 0 	 20 	 0.755648 	 0.000503765
6.174e-09 	 1.602e-06 	 0 	 0 	 20 	 0.0858472 	 5.72314e-05
6.29471e-09 	 1.602e-06 	 0 	 0 	 20 	 0.414213 	 0.000276142
6.4856e-09 	 3.204e-06 	 0 	 0 	 20 	 0.523864 	 0.000349243
6.81119e-09 	 6.408e-06 	 0 	 0 	 20 	 0.614266 	 0.00040951
6.81305e-09 	 -1.602e-06 	 0 	 0 	 20 	 -26.9519 	 -0.0179679
6.8145e-09 	 1.602e-06 	 0 	 0 	 20 	 34.4638 	 0.0229759
7.0458e-09 	 -3.204e-06 	 0 	 0 	 20 	 -0.432331 	 -0.000288221
7.04757e-09 	 0 	 0 	 0 	 20 	 0 	 0
7.04883e-09 	 -1.602e-06 	 0 	 0 	 20 	 -39.6561 	 -0.0264374
7.05026e-09 	 0 	 0 	 0 	 20 	 0 	 0
7.05133e-09 	 0 	 0 	 0 	 20 	 0 	 0
7.05248e-09 	 3.204e-06 	 0 	 0 	 20 	 87.4214 	 0.0582809
7.63986e-09 	 0 	 0 	 0 	 20 	 0 	 0
7.94926e-09 	 1.602e-06 	 0 	 0 	 20 	 0.161606 	 0.000107737
8.40295e-09 	 -1.602e-06 	 0 	 0 	 20 	 -0.110208 	 -7.34723e-05
8.47707e-09 	 0 	 0 	 0 	 20 	 0 	 0
8.62127e-09 	 0 	 0 	 0 	 20 	 0 	 0
8.62378e-09 	 6.408e-06 	 0 	 0 	 20 	 79.7598 	 0.0531732
8.62511e-09 	 0 	 0 	 0 	 20 	 0 	 0
8.7875e-09 	 0 	 0 	 0 	 20 	 0 	 0
9.37454e-09 	 0 	 0 	 0 	 20 	 0 	 0
9.95222e-09 	 -4.806e-06 	 0 	 0 	 20 	 -0.259658 	 -0.000173105
9.95581e-09 	 0 	 0 	 0 	 20 	 0 	 0
9.96041e-09 	 0 	 0 	 0 	 20 	 0 	 0
9.96426e-09 	 0 	 0 	 0 	 20 	 0 	 0
1.01252e-08 	 1.602e-06 	 0 	 0 	 20 	 0.310647 	 0.000207098
1.03238e-08 	 0 	 0 	 0 	 20 	 0 	 0
1.04563e-08 	 -3.204e-06 	 0 	 0 	 20 	 -0.754829 	 -0.000503219
1.04642e-08 	 0 	 0 	 0 	 20 	 0 	 0
1.04764e-08 	 1.602e-06 	 0 	 0 	 20 	 4.07497 	 0.00271664
1.05999e-08 	 3.204e-06 	 0 	 0 	 20 	 0.810304 	 0.000540202
1.07781e-08 	 0 	 0 	 0 	 20 	 0 	 0
1.14451e-08 	 -1.602e-06 	 0 	 0 	 20 	 -0.0749602 	 -4.99734e-05
1.19e-08 	 1.602e-06 	 0 	 0 	 20 	 0.109922 	 7.32816e-05
1.25968e-08 	 -1.602e-06 	 0 	 0 	 20 	 -0.0717563 	 -4.78375e-05
1.30181e-08 	 -1.602e-06 	 0 	 0 	 20 	 -0.118696 	 -7.91306e-05
1.30204e-08 	 0 	 0 	 0 	 20 	 0 	 0
1.30383e-08 	 1.602e-06 	 0 	 0 	 20 	 2.78953 	 0.00185968
1.30394e-08 	 -3.204e-06 	 0 	 0 	 20 	 -97.239 	 -0.064826
1.30543e-08 	 -1.602e-06 	 2 	 0 	 20 	 11.7783 	 0.00785222
1.30562e-08 	 0 	 0 	 0 	 20 	 0 	 0
1.30592e-08 	 0 	 0 	 0 	 20 	 0 	 0
1.30745e-08 	 4.806e-06 	 0 	 0 	 20 	 9.8004 	 0.0065336
1.31287e-08 	 0 	 0 	 0 	 20 	 0 	 0
1.3284e-08 	 0 	 0 	 0 	 20 	 0 	 0
1.42877e-08 	 0 	 0 	 0 	 20 	 0 	 0
1.4801e-08 	 0 	 0 	 0 	 20 	 0 	 0
1.55029e-08 	 -3.204e-06 	 0 	 0 	 20 	 -0.142478 	 -9.49855e-05
1.68721e-08 	 0 	 0 	 0 	 20 	 0 	 0
1.82038e-08 	 -3.204e-06 	 0 	 0 	 20 	 -0.0750975 	 -5.0065e-05
1.82049e-08 	 0 	 0 	 0 	 20 	 0 	 0
1.82063e-08 	 0 	 0 	 0 	 20 	 0 	 0
1.82078e-08 	 0 	 0 	 0 	 20 	 0 	 0
1.82091e-08 	 0 	 0 	 0 	 20 	 0 	 0
1.82104e-08 	 0 	 0 	 0 	 20 	 0 	 0
1.82118e-08 	 0 	 0 	 0 	 20 	 0 	 0
1.82132e-08 	 0 	 0 	 0 	 20 	 0 	 0
1.82147e-08 	 0 	 0 	 0 	 20 	 0 	 0
1.82162e-08 	 0 	 0 	 0 	 20 	 0 	 0
1.82174e-08 	 0 	 0 	 0 	 20 	 0 	 0
1.82185e-08 	 0 	 0 	 0 	 20 	 0 	 0
1.82199e-08 	 0 	 0 	 0 	 20 	 0 	 0
1.82212e-08 	 0 	 0 	 0 	 20 	 0 	 0
1.82223e-08 	 0 	 0 	 0 	 20 	 0 	 0
1.82239e-08 	 0 	 0 	 0 	 20 	 0 	 0
1.82253e-08 	 0 	 0 	 0 	 20 	 0 	 0
1.82265e-08 	 0 	 0 	 0 	 20 	 0 	 0
1.82278e-08 	 0 	 0 	 0 	 20 	 0 	 0
1.8229e-08 	 0 	 0 	 0 	 20 	 0 	 0
1.82303e-08 	 0 	 0 	 0 	 20 	 0 	 0
1.82315e-08 	 0 	 0 	 0 	 20 	 0 	 0
1.82329e-08 	 0 	 0 	 0 	 20 	 0 	 0
1.82341e-08 	 0 	 0 	 0 	 20 	 0 	 0
1.82355e-08 	 0 	 0 	 0 	 20 	 0 	 0
1.82368e-08 	 0 	 0 	 0 	 20 	 0 	 0
1.82381e-08 	 0 	 0 	 0 	 20 	 0 	 0
1.82396e-08 	 0 	 0 	 0 	 20 	 0 	 0
1.82408e-08 	 0 	 0 	 0 	 20 	 0 	 0
1.82421e-08 	 0 	 0 	 0 	 20 	 0 	 0
1.82435e-08 	 0 	 0 	 0 	 20 	 0 	 0
1.82448e-08 	 0 	 0 	 0 	 20 	 0 	 0
1.8246e-08 	 0 	 0 	 0 	 20 	 0 	 0
1.82474e-08 	 0 	 0 	 0 	 20 	 0 	 0
1.82487e-08 	 0 	 0 	 0 	 20 	 0 	 0
1.82499e-08 	 0 	 0 	 0 	 20 	 0 	 0
1.82511e-08 	 0 	 0 	 0 	 20 	 0 	 0
1.82525e-08 	 0 	 0 	 0 	 20 	 0 	 0
1.82537e-08 	 0 	 0 	 0 	 20 	 0 	 0
1.82552e-08 	 0 	 0 	 0 	 20 	 0 	 0
1.82565e-08 	 0 	 0 	 0 	 20 	 0 	 0
1.82576e-08 	 0 	 0 	 0 	 20 	 0 	 0
1.82589e-08 	 0 	 0 	 0 	 20 	 0 	 0
1.82602e-08 	 0 	 0 	 0 	 20 	 0 	 0
1.82615e-08 	 0 	 0 	 0 	 20 	 0 	 0
1.82629e-08 	 0 	 0 	 0 	 20 	 0 	 0
1.82641e-08 	 0 	 0 	 0 	 20 	 0 	 0
1.82652e-08 	 0 	 0 	 0 	 20 	 0 	 0
1.82668e-08 	 0 	 0 	 0 	 20 	 0 	 0
1.82679e-08 	 0 	 0 	 0 	 20 	 0 	 0
1.82691e-08 	 0 	 0 	 0 	 20 	 0 	 0
1.82703e-08 	 0 	 0 	 0 	 20 	 0 	 0
1.82717e-08 	 0 	 0 	 0 	 20 	 0 	 0
1.82729e-08 	 0 	 0 	 0 	 20 	 0 	 0
1.8295e-08 	 0 	 0 	 0 	 20 	 0 	 0
1.82962e-08 	 0 	 0 	 0 	 20 	 0 	 0
1.82974e-08 	 0 	 0 	 0 	 20 	 0 	 0
1.82986e-08 	 0 	 0 	 0 	 20 	 0 	 0
1.82999e-08 	 0 	 0 	 0 	 20 	 0 	 0
1.83015e-08 	 0 	 0 	 0 	 20 	 0 	 0
1.83027e-08 	 0 	 0 	 0 	 20 	 0 	 0
1.83041e-08 	 0 	 0 	 0 	 20 	 0 	 0
1.83057e-08 	 0 	 0 	 0 	 20 	 0 	 0
1.83069e-08 	 0 	 0 	 0 	 20 	 0 	 0
1.83084e-08 	 0 	 0 	 0 	 20 	 0 	 0
1.83095e-08 	 0 	 0 	 0 	 20 	 0 	 0
1.83109e-08 	 0 	 0 	 0 	 20 	 0 	 0
1.83122e-08 	 0 	 0 	 0 	 20 	 0 	 0
9.81471e-13 	 2.8836e-05 	 5 	 0 	 20 	 2145.08 	 1.43005
1.95655e-12 	 6.408e-06 	 0 	 0 	 20 	 205.111 	 0.136741
2.94991e-12 	 3.204e-06 	 0 	 0 	 20 	 100.668 	 0.0671122
3.92107e-12 	 1.602e-06 	 0 	 0 	 20 	 51.485 	 0.0343233
4.86916e-12 	 1.602e-06 	 0 	 0 	 20 	 52.7378 	 0.0351585
5.87761e-12 	 3.204e-06 	 0 	 0 	 20 	 99.1618 	 0.0661079
6.89503e-12 	 1.602e-06 	 0 	 0 	 20 	 49.1439 	 0.0327626
8.00843e-12 	 -3.204e-06 	 0 	 0 	 20 	 -89.8151 	 -0.0598767
8.9904e-12 	 4.806e-06 	 0 	 0 	 20 	 152.754 	 0.101836
9.95368e-12 	 -1.602e-06 	 0 	 0 	 20 	 -51.9058 	 -0.0346039
1.09714e-11 	 1.602e-06 	 0 	 0 	 20 	 49.1288 	 0.0327525
1.21304e-11 	 3.204e-06 	 0 	 0 	 20 	 86.2832 	 0.0575222
1.311e-11 	 1.602e-06 	 0 	 0 	 20 	 51.0411 	 0.0340274
1.42379e-11 	 1.602e-06 	 1 	 0 	 20 	 48.0837 	 0.0320558
1.52418e-11 	 0 	 0 	 0 	 20 	 0 	 0
1.63618e-11 	 0 	 0 	 0 	 20 	 0 	 0
1.74354e-11 	 0 	 0 	 0 	 20 	 0 	 0
1.84683e-11 	 1.602e-06 	 3 	 0 	 20 	 55.4183 	 0.0369456
1.95458e-11 	 0 	 0 	 0 	 20 	 0 	 0
2.05404e-11 	 0 	 0 	 0 	 20 	 0 	 0
2.15717e-11 	 0 	 0 	 0 	 20 	 0 	 0
2.27059e-11 	 0 	 0 	 0 	 20 	 0 	 0
2.37474e-11 	 0 	 0 	 0 	 20 	 0 	 0
2.48752e-11 	 0 	 0 	 0 	 20 	 0 	 0
2.5913e-11 	 0 	 0 	 0 	 20 	 0 	 0
2.68905e-11 	 0 	 0 	 0 	 20 	 0 	 0
2.79882e-11 	 0 	 0 	 0 	 20 	 0 	 0
2.8958e-11 	 1.602e-06 	 0 	 0 	 20 	 51.5598 	 0.0343732
3.0101e-11 	 1.602e-06 	 0 	 0 	 20 	 43.7448 	 0.0291632
3.11478e-11 	 0 	 0 	 0 	 20 	 0 	 0
3.22329e-11 	 0 	 0 	 0 	 20 	 0 	 0
3.32854e-11 	 0 	 0 	 0 	 20 	 0 	 0
3.42939e-11 	 0 	 0 	 0 	 20 	 0 	 0
3.53717e-11 	 0 	 0 	 0 	 20 	 0 	 0
3.64167e-11 	 0 	 0 	 0 	 20 	 0 	 0
3.77271e-11 	 0 	 0 	 0 	 20 	 0 	 0
3.87305e-11 	 0 	 0 	 0 	 20 	 0 	 0
3.97893e-11 	 1.602e-06 	 0 	 0 	 20 	 47.2233 	 0.0314822
4.08701e-11 	 0 	 0 	 0 	 20 	 0 	 0
4.19106e-11 	 0 	 0 	 0 	 20 	 0 	 0
4.3008e-11 	 0 	 0 	 0 	 20 	 0 	 0
4.39839e-11 	 0 	 0 	 0 	 20 	 0 	 0
4.50938e-11 	 0 	 0 	 0 	 20 	 0 	 0
4.61733e-11 	 0 	 0 	 0 	 20 	 0 	 0
4.72993e-11 	 0 	 0 	 0 	 20 	 0 	 0
4.83193e-11 	 0 	 0 	 0 	 20 	 0 	 0
4.93158e-11 	 0 	 0 	 0 	 20 	 0 	 0
5.04053e-11 	 0 	 0 	 0 	 20 	 0 	 0
5.15096e-11 	 -1.602e-06 	 0 	 0 	 20 	 -45.2789 	 -0.0301859
5.264e-11 	 0 	 0 	 0 	 20 	 0 	 0
5.38295e-11 	 0 	 0 	 0 	 20 	 0 	 0
5.49102e-11 	 0 	 0 	 0 	 20 	 0 	 0
5.59285e-11 	 0 	 0 	 0 	 20 	 0 	 0
5.70313e-11 	 0 	 0 	 0 	 20 	 0 	 0
5.81659e-11 	 0 	 0 	 0 	 20 	 0 	 0
5.92261e-11 	 1.602e-06 	 0 	 0 	 20 	 47.162 	 0.0314414
6.03578e-11 	 0 	 0 	 0 	 20 	 0 	 0
6.14349e-11 	 0 	 0 	 0 	 20 	 0 	 0
6.24782e-11 	 -1.602e-06 	 0 	 0 	 20 	 -47.9261 	 -0.0319508
6.35062e-11 	 0 	 0 	 0 	 20 	 0 	 0
6.45358e-11 	 -1.602e-06 	 0 	 0 	 20 	 -48.5642 	 -0.0323761
6.56132e-11 	 1.602e-06 	 0 	 0 	 20 	 46.4087 	 0.0309391
6.66971e-11 	 0 	 0 	 0 	 20 	 0 	 0
6.77508e-11 	 0 	 0 	 0 	 20 	 0 	 0
6.88119e-11 	 0 	 0 	 0 	 20 	 0 	 0
6.97825e-11 	 0 	 0 	 0 	 20 	 0 	 0
7.07852e-11 	 0 	 0 	 0 	 20 	 0 	 0
7.17551e-11 	 -1.602e-06 	 0 	 0 	 20 	 -51.5499 	 -0.0343666
7.27387e-11 	 1.602e-06 	 0 	 0 	 20 	 50.8366 	 0.0338911
7.36861e-11 	 0 	 0 	 0 	 20 	 0 	 0
7.46733e-11 	 0 	 0 	 0 	 20 	 0 	 0
7.56427e-11 	 0 	 0 	 0 	 20 	 0 	 0
7.66625e-11 	 0 	 0 	 0 	 20 	 0 	 0
7.77177e-11 	 0 	 0 	 0 	 20 	 0 	 0
7.87188e-11 	 0 	 0 	 0 	 20 	 0 	 0
7.9834e-11 	 0 	 0 	 0 	 20 	 0 	 0
8.09527e-11 	 0 	 0 	 0 	 20 	 0 	 0
8.19619e-11 	 -1.602e-06 	 0 	 0 	 20 	 -49.5412 	 -0.0330274
8.30012e-11 	 0 	 0 	 0 	 20 	 0 	 0
8.40678e-11 	 0 	 0 	 0 	 20 	 0 	 0
8.51441e-11 	 0 	 0 	 0 	 20 	 0 	 0
8.61451e-11 	 0 	 0 	 0 	 20 	 0 	 0
8.71748e-11 	 0 	 0 	 0 	 20 	 0 	 0
8.82053e-11 	 0 	 0 	 0 	 20 	 0 	 0
8.92978e-11 	 0 	 0 	 0 	 20 	 0 	 0
9.03535e-11 	 0 	 0 	 0 	 20 	 0 	 0
9.13928e-11 	 0 	 0 	 0 	 20 	 0 	 0
9.24911e-11 	 0 	 0 	 0 	 20 	 0 	 0
9.35705e-11 	 0 	 2 	 0 	 20 	 -11.492 	 -0.00766133
9.46231e-11 	 0 	 0 	 0 	 20 	 0 	 0
9.56881e-11 	 0 	 0 	 0 	 20 	 0 	 0
9.67489e-11 	 0 	 0 	 0 	 20 	 0 	 0
9.77679e-11 	 0 	 0 	 0 	 20 	 0 	 0
9.88076e-11 	 3.204e-06 	 0 	 0 	 20 	 96.1833 	 0.0641222
9.97944e-11 	 -1.602e-06 	 0 	 0 	 20 	 -50.6695 	 -0.0337796
1.00846e-10 	 0 	 0 	 0 	 20 	 0 	 0
1.01846e-10 	 0 	 0 	 0 	 20 	 0 	 0
1.02929e-10 	 -1.602e-06 	 0 	 0 	 20 	 -46.1616 	 -0.0307744
1.04038e-10 	 0 	 0 	 0 	 20 	 0 	 0
1.0508e-10 	 0 	 0 	 0 	 20 	 0 	 0
1.06101e-10 	 0 	 0 	 0 	 20 	 0 	 0
1.07087e-10 	 0 	 0 	 0 	 20 	 0 	 0
1.08206e-10 	 0 	 0 	 0 	 20 	 0 	 0
1.0918e-10 	 0 	 0 	 0 	 20 	 0 	 0
1.1015e-10 	 3.204e-06 	 0 	 0 	 20 	 103.054 	 0.0687028
1.11198e-10 	 0 	 0 	 0 	 20 	 0 	 0
1.12352e-10 	 1.602e-06 	 0 	 0 	 20 	 43.3072 	 0.0288714
1.1338e-10 	 0 	 0 	 0 	 20 	 0 	 0
1.14456e-10 	 1.1214e-05 	 0 	 0 	 20 	 325.222 	 0.216815
1.15525e-10 	 -3.204e-06 	 0 	 0 	 20 	 -93.5383 	 -0.0623589
1.16601e-10 	 1.602e-06 	 0 	 0 	 20 	 46.4882 	 0.0309921
1.17696e-10 	 0 	 0 	 0 	 20 	 0 	 0
1.18772e-10 	 0 	 0 	 0 	 20 	 0 	 0
1.19731e-10 	 -1.602e-06 	 0 	 0 	 20 	 -52.1524 	 -0.0347683
1.2077e-10 	 1.602e-06 	 0 	 0 	 20 	 48.0983 	 0.0320655
1.21795e-10 	 0 	 0 	 0 	 20 	 0 	 0
1.22832e-10 	 0 	 0 	 0 	 20 	 0 	 0
1.23964e-10 	 0 	 0 	 0 	 20 	 0 	 0
1.2507e-10 	 0 	 0 	 0 	 20 	 0 	 0
1.26097e-10 	 0 	 0 	 0 	 20 	 0 	 0
1.27189e-10 	 0 	 0 	 0 	 20 	 0 	 0
1.28251e-10 	 1.602e-06 	 0 	 0 	 20 	 47.0848 	 0.0313899
1.2928e-10 	 -1.602e-06 	 0 	 0 	 20 	 -48.5677 	 -0.0323785
1.30332e-10 	 -1.602e-06 	 0 	 0 	 20 	 -47.5128 	 -0.0316752
1.31476e-10 	 0 	 0 	 0 	 20 	 0 	 0
1.32476e-10 	 4.806e-06 	 0 	 0 	 20 	 149.995 	 0.0999968
1.33515e-10 	 0 	 0 	 0 	 20 	 0 	 0
1.34651e-10 	 0 	 0 	 0 	 20 	 0 	 0
1.35729e-10 	 1.602e-06 	 0 	 0 	 20 	 46.3737 	 0.0309158
1.36774e-10 	 1.602e-06 	 0 	 0 	 20 	 47.8641 	 0.0319094
1.37845e-10 	 0 	 0 	 0 	 20 	 0 	 0
1.38842e-10 	 0 	 0 	 0 	 20 	 0 	 0
1.39929e-10 	 1.602e-06 	 0 	 0 	 20 	 45.9924 	 0.0306616
1.40936e-10 	 0 	 0 	 0 	 20 	 0 	 0
1.42058e-10 	 0 	 0 	 0 	 20 	 0 	 0
1.4309e-10 	 -1.602e-06 	 0 	 0 	 20 	 -48.4537 	 -0.0323024
1.44173e-10 	 1.602e-06 	 0 	 0 	 20 	 46.1802 	 0.0307868
1.45215e-10 	 -1.602e-06 	 0 	 0 	 20 	 -47.9974 	 -0.0319983
1.46231e-10 	 1.602e-06 	 0 	 0 	 20 	 49.1999 	 0.0327999
1.47419e-10 	 0 	 0 	 0 	 20 	 0 	 0
1.48492e-10 	 0 	 0 	 0 	 20 	 0 	 0
1.49541e-10 	 0 	 0 	 0 	 20 	 0 	 0
1.50507e-10 	 0 	 0 	 0 	 20 	 0 	 0
1.51512e-10 	 0 	 0 	 0 	 20 	 0 	 0
1.52599e-10 	 0 	 0 	 0 	 20 	 0 	 0
1.53629e-10 	 0 	 0 	 0 	 20 	 0 	 0
1.54755e-10 	 0 	 0 	 0 	 20 	 0 	 0
1.55745e-10 	 0 	 0 	 0 	 20 	 0 	 0
1.56876e-10 	 -1.602e-06 	 0 	 0 	 20 	 -44.183 	 -0.0294553
1.57953e-10 	 0 	 0 	 0 	 20 	 0 	 0
1.59002e-10 	 1.602e-06 	 0 	 0 	 20 	 47.6839 	 0.0317893
1.60032e-10 	 0 	 0 	 0 	 20 	 0 	 0
1.61006e-10 	 0 	 0 	 0 	 20 	 0 	 0
1.62109e-10 	 0 	 0 	 0 	 20 	 0 	 0
1.63105e-10 	 0 	 0 	 0 	 20 	 0 	 0
1.64117e-10 	 0 	 0 	 0 	 20 	 0 	 0
1.65262e-10 	 0 	 0 	 0 	 20 	 0 	 0
1.66298e-10 	 0 	 0 	 0 	 20 	 0 	 0
1.67375e-10 	 0 	 0 	 0 	 20 	 0 	 0
1.68404e-10 	 0 	 0 	 0 	 20 	 0 	 0
1.69531e-10 	 0 	 0 	 0 	 20 	 0 	 0
1.70587e-10 	 -1.602e-06 	 0 	 0 	 20 	 -47.354 	 -0.0315694
1.71741e-10 	 0 	 0 	 0 	 20 	 0 	 0
1.72857e-10 	 0 	 0 	 0 	 20 	 0 	 0
1.73863e-10 	 0 	 0 	 0 	 20 	 0 	 0
1.74942e-10 	 0 	 0 	 0 	 20 	 0 	 0
1.7604e-10 	 0 	 0 	 0 	 20 	 0 	 0
1.77121e-10 	 0 	 0 	 0 	 20 	 0 	 0
1.78345e-10 	 0 	 0 	 0 	 20 	 0 	 0
1.79401e-10 	 0 	 0 	 0 	 20 	 0 	 0
1.80548e-10 	 0 	 0 	 0 	 20 	 0 	 0
1.81627e-10 	 0 	 0 	 0 	 20 	 0 	 0
1.8263e-10 	 0 	 0 	 0 	 20 	 0 	 0
1.83749e-10 	 0 	 0 	 0 	 20 	 0 	 0
1.848e-10 	 0 	 0 	 0 	 20 	 0 	 0
1.8587e-10 	 0 	 0 	 0 	 20 	 0 	 0
1.87066e-10 	 0 	 0 	 0 	 20 	 0 	 0
1.88118e-10 	 0 	 0 	 0 	 20 	 0 	 0
1.89175e-10 	 0 	 0 	 0 	 20 	 0 	 0
1.90268e-10 	 -1.602e-06 	 0 	 0 	 20 	 -45.7166 	 -0.0304777
1.91381e-10 	 1.602e-06 	 0 	 0 	 20 	 44.919 	 0.029946
1.92426e-10 	 0 	 0 	 0 	 20 	 0 	 0
1.93452e-10 	 1.602e-06 	 0 	 0 	 20 	 48.7328 	 0.0324886
1.94488e-10 	 -1.602e-06 	 0 	 0 	 20 	 -48.2625 	 -0.032175
1.95646e-10 	 0 	 0 	 0 	 20 	 0 	 0
1.9672e-10 	 0 	 0 	 0 	 20 	 0 	 0
1.97769e-10 	 0 	 0 	 0 	 20 	 0 	 0
1.98816e-10 	 0 	 0 	 0 	 20 	 0 	 0
1.99858e-10 	 0 	 0 	 0 	 20 	 0 	 0
2.00861e-10 	 0 	 0 	 0 	 20 	 0 	 0
2.01979e-10 	 0 	 0 	 0 	 20 	 0 	 0
2.03128e-10 	 1.602e-06 	 0 	 0 	 20 	 43.537 	 0.0290247
2.04123e-10 	 0 	 0 	 0 	 20 	 0 	 0
2.05123e-10 	 3.204e-06 	 0 	 0 	 20 	 100.058 	 0.0667056
2.06215e-10 	 0 	 0 	 0 	 20 	 0 	 0
2.07352e-10 	 -1.602e-06 	 0 	 0 	 20 	 -43.9652 	 -0.0293101
2.08453e-10 	 0 	 0 	 0 	 20 	 0 	 0
2.095e-10 	 0 	 0 	 0 	 20 	 0 	 0
2.10498e-10 	 0 	 0 	 0 	 20 	 0 	 0
2.11503e-10 	 3.204e-06 	 0 	 0 	 20 	 99.5278 	 0.0663519
2.12531e-10 	 1.602e-06 	 0 	 0 	 20 	 48.6447 	 0.0324298
2.13542e-10 	 3.204e-06 	 0 	 0 	 20 	 98.8331 	 0.0658887
2.14678e-10 	 0 	 0 	 0 	 20 	 0 	 0
2.15726e-10 	 0 	 0 	 0 	 20 	 0 	 0
2.16786e-10 	 0 	 0 	 0 	 20 	 0 	 0
2.18073e-10 	 0 	 0 	 0 	 20 	 0 	 0
2.19088e-10 	 0 	 0 	 0 	 20 	 0 	 0
2.20191e-10 	 0 	 0 	 0 	 20 	 0 	 0
2.21288e-10 	 0 	 0 	 0 	 20 	 0 	 0
2.22513e-10 	 0 	 0 	 0 	 20 	 0 	 0
2.23519e-10 	 0 	 0 	 0 	 20 	 0 	 0
2.24669e-10 	 0 	 0 	 0 	 20 	 0 	 0
2.25698e-10 	 0 	 0 	 0 	 20 	 0 	 0
2.2673e-10 	 0 	 0 	 0 	 20 	 0 	 0
2.27749e-10 	 0 	 0 	 0 	 20 	 0 	 0
2.28755e-10 	 0 	 0 	 0 	 20 	 0 	 0
2.29769e-10 	 0 	 0 	 0 	 20 	 0 	 0
2.30863e-10 	 0 	 0 	 0 	 20 	 0 	 0
2.32044e-10 	 0 	 0 	 0 	 20 	 0 	 0
2.33104e-10 	 0 	 0 	 0 	 20 	 0 	 0
2.34116e-10 	 0 	 0 	 0 	 20 	 0 	 0
2.35206e-10 	 0 	 0 	 0 	 20 	 0 	 0
2.36293e-10 	 3.204e-06 	 0 	 0 	 20 	 91.9706 	 0.0613137
2.37304e-10 	 0 	 0 	 0 	 20 	 0 	 0
2.38345e-10 	 0 	 0 	 0 	 20 	 0 	 0
2.39363e-10 	 0 	 0 	 0 	 20 	 0 	 0
2.40357e-10 	 0 	 0 	 0 	 20 	 0 	 0
2.41455e-10 	 -3.204e-06 	 0 	 0 	 20 	 -91.066 	 -0.0607107
2.42452e-10 	 0 	 0 	 0 	 20 	 0 	 0
2.43602e-10 	 0 	 0 	 0 	 20 	 0 	 0
2.44643e-10 	 0 	 0 	 0 	 20 	 0 	 0
2.45692e-10 	 0 	 0 	 0 	 20 	 0 	 0
2.46701e-10 	 0 	 0 	 0 	 20 	 0 	 0
2.47739e-10 	 0 	 0 	 0 	 20 	 0 	 0
2.48882e-10 	 0 	 0 	 0 	 20 	 0 	 0
2.49965e-10 	 -3.204e-06 	 0 	 0 	 20 	 -92.2742 	 -0.0615161
2.51073e-10 	 0 	 0 	 0 	 20 	 0 	 0
2.52169e-10 	 0 	 0 	 0 	 20 	 0 	 0
2.53243e-10 	 0 	 0 	 0 	 20 	 0 	 0
2.54371e-10 	 0 	 0 	 0 	 20 	 0 	 0
2.55427e-10 	 0 	 0 	 0 	 20 	 0 	 0
2.56466e-10 	 0 	 0 	 0 	 20 	 0 	 0
2.57545e-10 	 0 	 0 	 0 	 20 	 0 	 0
2.5854e-10 	 0 	 0 	 0 	 20 	 0 	 0
2.59646e-10 	 0 	 0 	 0 	 20 	 0 	 0
2.6066e-10 	 0 	 0 	 0 	 20 	 0 	 0
2.61732e-10 	 0 	 0 	 0 	 20 	 0 	 0
2.62811e-10 	 0 	 0 	 0 	 20 	 0 	 0
2.63859e-10 	 0 	 0 	 0 	 20 	 0 	 0
2.64893e-10 	 0 	 0 	 0 	 20 	 0 	 0
2.65905e-10 	 0 	 0 	 0 	 20 	 0 	 0
2.66932e-10 	 -1.602e-06 	 0 	 0 	 20 	 -48.6699 	 -0.0324466
2.67968e-10 	 0 	 0 	 0 	 20 	 0 	 0
2.69119e-10 	 0 	 0 	 0 	 20 	 0 	 0
2.70172e-10 	 0 	 0 	 0 	 20 	 0 	 0
2.71162e-10 	 0 	 0 	 0 	 20 	 0 	 0
2.72213e-10 	 0 	 0 	 0 	 20 	 0 	 0
2.73301e-10 	 0 	 0 	 0 	 20 	 0 	 0
2.74381e-10 	 0 	 0 	 0 	 20 	 0 	 0
2.75418e-10 	 0 	 0 	 0 	 20 	 0 	 0
2.76542e-10 	 0 	 0 	 0 	 20 	 0 	 0
2.7754e-10 	 0 	 0 	 0 	 20 	 0 	 0
2.7867e-10 	 0 	 0 	 0 	 20 	 0 	 0
2.79737e-10 	 0 	 0 	 0 	 20 	 0 	 0
2.80804e-10 	 0 	 0 	 0 	 20 	 0 	 0
2.81877e-10 	 1.602e-06 	 0 	 0 	 20 	 46.6125 	 0.031075
2.8296e-10 	 -1.602e-06 	 0 	 0 	 20 	 -46.1609 	 -0.0307739
2.83953e-10 	 0 	 0 	 0 	 20 	 0 	 0
2.84993e-10 	 0 	 0 	 0 	 20 	 0 	 0
2.86002e-10 	 0 	 0 	 0 	 20 	 0 	 0
2.8697e-10 	 0 	 0 	 0 	 20 	 0 	 0
2.88259e-10 	 0 	 0 	 0 	 20 	 0 	 0
2.8934e-10 	 0 	 0 	 0 	 20 	 0 	 0
2.90386e-10 	 0 	 0 	 0 	 20 	 0 	 0
2.91414e-10 	 0 	 0 	 0 	 20 	 0 	 0
2.92715e-10 	 0 	 0 	 0 	 20 	 0 	 0
2.94047e-10 	 0 	 0 	 0 	 20 	 0 	 0
2.95624e-10 	 0 	 0 	 0 	 20 	 0 	 0
2.96961e-10 	 0 	 0 	 0 	 20 	 0 	 0
2.98293e-10 	 0 	 0 	 0 	 20 	 0 	 0
2.99346e-10 	 0 	 0 	 0 	 20 	 0 	 0
3.00658e-10 	 0 	 0 	 0 	 20 	 0 	 0
3.01816e-10 	 0 	 0 	 0 	 20 	 0 	 0
3.03092e-10 	 0 	 0 	 0 	 20 	 0 	 0
3.04283e-10 	 0 	 0 	 0 	 20 	 0 	 0
3.05472e-10 	 0 	 0 	 0 	 20 	 0 	 0
3.06706e-10 	 0 	 0 	 0 	 20 	 0 	 0
3.08077e-10 	 0 	 0 	 0 	 20 	 0 	 0
3.09119e-10 	 4.806e-06 	 0 	 0 	 20 	 143.91 	 0.0959401
3.10334e-10 	 0 	 0 	 0 	 20 	 0 	 0
3.11358e-10 	 0 	 0 	 0 	 20 	 0 	 0
3.12644e-10 	 0 	 0 	 0 	 20 	 0 	 0
3.14031e-10 	 3.204e-06 	 0 	 0 	 20 	 72.0531 	 0.0480354
3.15188e-10 	 0 	 0 	 0 	 20 	 0 	 0
3.16488e-10 	 -1.602e-06 	 0 	 0 	 20 	 -38.4746 	 -0.0256497
3.17724e-10 	 0 	 0 	 0 	 20 	 0 	 0
3.18856e-10 	 0 	 0 	 0 	 20 	 0 	 0
3.20165e-10 	 0 	 0 	 0 	 20 	 0 	 0
3.21654e-10 	 0 	 0 	 0 	 20 	 0 	 0
3.22718e-10 	 1.602e-06 	 0 	 0 	 20 	 46.9954 	 0.0313303
3.23933e-10 	 -1.602e-06 	 0 	 0 	 20 	 -41.1511 	 -0.0274341
3.25079e-10 	 0 	 0 	 0 	 20 	 0 	 0
3.26194e-10 	 0 	 0 	 0 	 20 	 0 	 0
3.2751e-10 	 0 	 0 	 0 	 20 	 0 	 0
3.28678e-10 	 0 	 0 	 0 	 20 	 0 	 0
3.29855e-10 	 0 	 0 	 0 	 20 	 0 	 0
3.31045e-10 	 0 	 0 	 0 	 20 	 0 	 0
3.32426e-10 	 0 	 0 	 0 	 20 	 0 	 0
3.33596e-10 	 0 	 0 	 0 	 20 	 0 	 0
3.34933e-10 	 0 	 0 	 0 	 20 	 0 	 0
3.36198e-10 	 0 	 0 	 0 	 20 	 0 	 0
3.37498e-10 	 0 	 0 	 0 	 20 	 0 	 0
3.38579e-10 	 0 	 0 	 0 	 20 	 0 	 0
3.39847e-10 	 0 	 0 	 0 	 20 	 0 	 0
3.40989e-10 	 0 	 0 	 0 	 20 	 0 	 0
3.42382e-10 	 0 	 0 	 0 	 20 	 0 	 0
3.4341e-10 	 0 	 0 	 0 	 20 	 0 	 0
3.44486e-10 	 -1.602e-06 	 0 	 0 	 20 	 -46.4395 	 -0.0309596
3.45832e-10 	 1.602e-06 	 0 	 0 	 20 	 37.1423 	 0.0247615
3.46967e-10 	 0 	 0 	 0 	 20 	 0 	 0
3.48263e-10 	 0 	 0 	 0 	 20 	 0 	 0
3.49347e-10 	 0 	 0 	 0 	 20 	 0 	 0
3.50518e-10 	 0 	 0 	 0 	 20 	 0 	 0
3.51651e-10 	 0 	 0 	 0 	 20 	 0 	 0
3.52888e-10 	 0 	 0 	 0 	 20 	 0 	 0
3.54098e-10 	 0 	 0 	 0 	 20 	 0 	 0
3.55301e-10 	 0 	 0 	 0 	 20 	 0 	 0
3.56635e-10 	 0 	 0 	 0 	 20 	 0 	 0
3.57842e-10 	 0 	 0 	 0 	 20 	 0 	 0
3.58968e-10 	 0 	 0 	 0 	 20 	 0 	 0
3.60077e-10 	 0 	 0 	 0 	 20 	 0 	 0
3.61384e-10 	 0 	 0 	 0 	 20 	 0 	 0
3.62724e-10 	 0 	 0 	 0 	 20 	 0 	 0
3.63935e-10 	 0 	 0 	 0 	 20 	 0 	 0
3.6524e-10 	 0 	 0 	 0 	 20 	 0 	 0
3.66425e-10 	 0 	 0 	 0 	 20 	 0 	 0
3.67606e-10 	 0 	 0 	 0 	 20 	 0 	 0
3.68797e-10 	 0 	 0 	 0 	 20 	 0 	 0
3.70219e-10 	 0 	 0 	 0 	 20 	 0 	 0
3.71561e-10 	 0 	 0 	 0 	 20 	 0 	 0
3.72702e-10 	 0 	 0 	 0 	 20 	 0 	 0
3.74104e-10 	 0 	 0 	 0 	 20 	 0 	 0
3.75392e-10 	 0 	 0 	 0 	 20 	 0 	 0
3.76586e-10 	 0 	 0 	 0 	 20 	 0 	 0
3.77886e-10 	 1.602e-06 	 0 	 0 	 20 	 38.4663 	 0.0256442
3.78939e-10 	 -1.602e-06 	 0 	 0 	 20 	 -47.4881 	 -0.0316587
3.80136e-10 	 0 	 0 	 0 	 20 	 0 	 0
3.81242e-10 	 0 	 0 	 0 	 20 	 0 	 0
3.82364e-10 	 0 	 0 	 0 	 20 	 0 	 0
3.83452e-10 	 0 	 0 	 0 	 20 	 0 	 0
3.84712e-10 	 0 	 0 	 0 	 20 	 0 	 0
3.85992e-10 	 0 	 0 	 0 	 20 	 0 	 0
3.87109e-10 	 0 	 0 	 0 	 20 	 0 	 0
3.88606e-10 	 0 	 0 	 0 	 20 	 0 	 0
3.89949e-10 	 0 	 0 	 0 	 20 	 0 	 0
3.9139e-10 	 0 	 0 	 0 	 20 	 0 	 0
3.92571e-10 	 0 	 0 	 0 	 20 	 0 	 0
3.9368e-10 	 0 	 0 	 0 	 20 	 0 	 0
3.94841e-10 	 0 	 0 	 0 	 20 	 0 	 0
3.96047e-10 	 0 	 0 	 0 	 20 	 0 	 0
3.97347e-10 	 0 	 0 	 0 	 20 	 0 	 0
3.98533e-10 	 0 	 0 	 0 	 20 	 0 	 0
3.99746e-10 	 0 	 0 	 0 	 20 	 0 	 0
4.01084e-10 	 0 	 0 	 0 	 20 	 0 	 0
4.02397e-10 	 0 	 0 	 0 	 20 	 0 	 0
4.03499e-10 	 0 	 0 	 0 	 20 	 0 	 0
4.04902e-10 	 0 	 0 	 0 	 20 	 0 	 0
4.06134e-10 	 0 	 0 	 0 	 20 	 0 	 0
4.07464e-10 	 0 	 0 	 0 	 20 	 0 	 0
4.08553e-10 	 0 	 0 	 0 	 20 	 0 	 0
4.09902e-10 	 0 	 0 	 0 	 20 	 0 	 0
4.11293e-10 	 0 	 0 	 0 	 20 	 0 	 0
4.1273e-10 	 0 	 0 	 0 	 20 	 0 	 0
4.13953e-10 	 0 	 0 	 0 	 20 	 0 	 0
4.15262e-10 	 0 	 0 	 0 	 20 	 0 	 0
4.16428e-10 	 0 	 0 	 0 	 20 	 0 	 0
4.178e-10 	 0 	 0 	 0 	 20 	 0 	 0
4.19141e-10 	 1.602e-06 	 0 	 0 	 20 	 37.286 	 0.0248573
4.20342e-10 	 0 	 0 	 0 	 20 	 0 	 0
4.21388e-10 	 0 	 0 	 0 	 20 	 0 	 0
4.2259e-10 	 0 	 0 	 0 	 20 	 0 	 0
4.2421e-10 	 0 	 0 	 0 	 20 	 0 	 0
4.25445e-10 	 0 	 0 	 0 	 20 	 0 	 0
4.26616e-10 	 0 	 0 	 0 	 20 	 0 	 0
4.28021e-10 	 0 	 0 	 0 	 20 	 0 	 0
4.29389e-10 	 0 	 0 	 0 	 20 	 0 	 0
4.30574e-10 	 0 	 0 	 0 	 20 	 0 	 0
4.31861e-10 	 0 	 0 	 0 	 20 	 0 	 0
4.32996e-10 	 0 	 0 	 0 	 20 	 0 	 0
4.34184e-10 	 0 	 0 	 0 	 20 	 0 	 0
4.35511e-10 	 0 	 0 	 0 	 20 	 0 	 0
4.36574e-10 	 0 	 0 	 0 	 20 	 0 	 0
4.37767e-10 	 0 	 0 	 0 	 20 	 0 	 0
4.39044e-10 	 0 	 0 	 0 	 20 	 0 	 0
4.40459e-10 	 0 	 0 	 0 	 20 	 0 	 0
4.41691e-10 	 0 	 0 	 0 	 20 	 0 	 0
4.42972e-10 	 0 	 0 	 0 	 20 	 0 	 0
4.44055e-10 	 0 	 0 	 0 	 20 	 0 	 0
4.45249e-10 	 0 	 0 	 0 	 20 	 0 	 0
4.466e-10 	 0 	 0 	 0 	 20 	 0 	 0
4.47834e-10 	 0 	 0 	 0 	 20 	 0 	 0
4.4936e-10 	 0 	 0 	 0 	 20 	 0 	 0
4.50446e-10 	 0 	 0 	 0 	 20 	 0 	 0
4.51793e-10 	 0 	 0 	 0 	 20 	 0 	 0
4.53101e-10 	 0 	 0 	 0 	 20 	 0 	 0
4.54233e-10 	 0 	 0 	 0 	 20 	 0 	 0
4.55274e-10 	 0 	 0 	 0 	 20 	 0 	 0
4.56573e-10 	 0 	 0 	 0 	 20 	 0 	 0
4.58e-10 	 0 	 0 	 0 	 20 	 0 	 0
4.59108e-10 	 1.602e-06 	 0 	 0 	 20 	 45.139 	 0.0300927
4.60334e-10 	 0 	 0 	 0 	 20 	 0 	 0
4.61479e-10 	 0 	 0 	 0 	 20 	 0 	 0
4.62576e-10 	 0 	 0 	 0 	 20 	 0 	 0
4.63734e-10 	 0 	 0 	 0 	 20 	 0 	 0
4.64882e-10 	 0 	 0 	 0 	 20 	 0 	 0
4.66033e-10 	 0 	 0 	 0 	 20 	 0 	 0
4.67142e-10 	 0 	 0 	 0 	 20 	 0 	 0
4.68298e-10 	 0 	 0 	 0 	 20 	 0 	 0
4.6979e-10 	 0 	 0 	 0 	 20 	 0 	 0
4.70959e-10 	 -1.602e-06 	 0 	 0 	 20 	 -42.7862 	 -0.0285241
4.72166e-10 	 0 	 0 	 0 	 20 	 0 	 0
4.73507e-10 	 0 	 0 	 0 	 20 	 0 	 0
4.74587e-10 	 0 	 0 	 0 	 20 	 0 	 0
4.75793e-10 	 0 	 0 	 0 	 20 	 0 	 0
4.76946e-10 	 0 	 0 	 0 	 20 	 0 	 0
4.78025e-10 	 0 	 0 	 0 	 20 	 0 	 0
4.7927e-10 	 0 	 0 	 0 	 20 	 0 	 0
4.80502e-10 	 0 	 0 	 0 	 20 	 0 	 0
4.81792e-10 	 0 	 0 	 0 	 20 	 0 	 0
4.82843e-10 	 0 	 0 	 0 	 20 	 0 	 0
4.83975e-10 	 0 	 0 	 0 	 20 	 0 	 0
4.85315e-10 	 0 	 0 	 0 	 20 	 0 	 0
4.86469e-10 	 0 	 0 	 0 	 20 	 0 	 0
4.87491e-10 	 0 	 0 	 0 	 20 	 0 	 0
4.88688e-10 	 0 	 0 	 0 	 20 	 0 	 0
4.89833e-10 	 0 	 0 	 0 	 20 	 0 	 0
4.9114e-10 	 0 	 0 	 0 	 20 	 0 	 0
4.92352e-10 	 0 	 0 	 0 	 20 	 0 	 0
4.93536e-10 	 0 	 0 	 0 	 20 	 0 	 0
4.94833e-10 	 0 	 0 	 0 	 20 	 0 	 0
4.95978e-10 	 0 	 0 	 0 	 20 	 0 	 0
4.97208e-10 	 0 	 0 	 0 	 20 	 0 	 0
4.98678e-10 	 0 	 0 	 0 	 20 	 0 	 0
4.99996e-10 	 0 	 0 	 0 	 20 	 0 	 0
5.01291e-10 	 0 	 0 	 0 	 20 	 0 	 0
5.02702e-10 	 0 	 0 	 0 	 20 	 0 	 0
5.03914e-10 	 0 	 0 	 0 	 20 	 0 	 0
5.05364e-10 	 0 	 0 	 0 	 20 	 0 	 0
5.06624e-10 	 0 	 0 	 0 	 20 	 0 	 0
5.0781e-10 	 0 	 0 	 0 	 20 	 0 	 0
5.08887e-10 	 0 	 0 	 0 	 20 	 0 	 0
5.10235e-10 	 0 	 0 	 0 	 20 	 0 	 0
5.114e-10 	 0 	 0 	 0 	 20 	 0 	 0
5.1263e-10 	 0 	 0 	 0 	 20 	 0 	 0
5.13882e-10 	 0 	 0 	 0 	 20 	 0 	 0
5.1502e-10 	 0 	 0 	 0 	 20 	 0 	 0
5.16336e-10 	 0 	 0 	 0 	 20 	 0 	 0
5.17582e-10 	 0 	 0 	 0 	 20 	 0 	 0
5.18639e-10 	 0 	 0 	 0 	 20 	 0 	 0
5.19873e-10 	 0 	 0 	 0 	 20 	 0 	 0
5.21017e-10 	 0 	 0 	 0 	 20 	 0 	 0
5.2231e-10 	 1.602e-06 	 0 	 0 	 20 	 38.6804 	 0.0257869
5.23489e-10 	 -1.602e-06 	 0 	 0 	 20 	 -42.3812 	 -0.0282541
5.24643e-10 	 0 	 3 	 0 	 20 	 0.144242 	 9.61612e-05
5.25737e-10 	 0 	 0 	 0 	 20 	 0 	 0
5.27089e-10 	 0 	 0 	 0 	 20 	 0 	 0
5.28172e-10 	 0 	 1 	 0 	 20 	 3.78406 	 0.00252271
5.29378e-10 	 0 	 0 	 0 	 20 	 0 	 0
5.30597e-10 	 0 	 0 	 0 	 20 	 0 	 0
5.31668e-10 	 8.01e-06 	 0 	 0 	 20 	 233.292 	 0.155528
5.32835e-10 	 0 	 0 	 0 	 20 	 0 	 0
5.34083e-10 	 0 	 0 	 0 	 20 	 0 	 0
5.35263e-10 	 0 	 0 	 0 	 20 	 0 	 0
5.36426e-10 	 0 	 0 	 0 	 20 	 0 	 0
5.37705e-10 	 0 	 0 	 0 	 20 	 0 	 0
5.38857e-10 	 0 	 0 	 0 	 20 	 0 	 0
5.40125e-10 	 0 	 0 	 0 	 20 	 0 	 0
5.41406e-10 	 0 	 0 	 0 	 20 	 0 	 0
5.42716e-10 	 3.204e-06 	 0 	 0 	 20 	 76.3193 	 0.0508795
5.43984e-10 	 0 	 0 	 0 	 20 	 0 	 0
5.45123e-10 	 0 	 0 	 0 	 20 	 0 	 0
5.46331e-10 	 0 	 0 	 0 	 20 	 0 	 0
5.4762e-10 	 0 	 0 	 0 	 20 	 0 	 0
5.4872e-10 	 0 	 0 	 0 	 20 	 0 	 0
5.50138e-10 	 0 	 0 	 0 	 20 	 0 	 0
5.51411e-10 	 0 	 0 	 0 	 20 	 0 	 0
5.52587e-10 	 0 	 0 	 0 	 20 	 0 	 0
5.53767e-10 	 0 	 0 	 0 	 20 	 0 	 0
5.55076e-10 	 0 	 0 	 0 	 20 	 0 	 0
5.56176e-10 	 0 	 0 	 0 	 20 	 0 	 0
5.57615e-10 	 0 	 0 	 0 	 20 	 0 	 0
5.59695e-10 	 0 	 0 	 0 	 20 	 0 	 0
5.60936e-10 	 0 	 0 	 0 	 20 	 0 	 0
5.62324e-10 	 -1.602e-06 	 0 	 0 	 20 	 -36.0148 	 -0.0240099
5.63511e-10 	 0 	 0 	 0 	 20 	 0 	 0
5.64636e-10 	 0 	 0 	 0 	 20 	 0 	 0
5.65866e-10 	 0 	 0 	 0 	 20 	 0 	 0
5.67154e-10 	 0 	 0 	 0 	 20 	 0 	 0
5.68322e-10 	 0 	 0 	 0 	 20 	 0 	 0
5.69384e-10 	 0 	 0 	 0 	 20 	 0 	 0
5.70582e-10 	 0 	 0 	 0 	 20 	 0 	 0
5.71722e-10 	 0 	 0 	 0 	 20 	 0 	 0
5.7302e-10 	 0 	 0 	 0 	 20 	 0 	 0
5.74593e-10 	 0 	 0 	 0 	 20 	 0 	 0
5.75934e-10 	 0 	 0 	 0 	 20 	 0 	 0
5.77076e-10 	 0 	 0 	 0 	 20 	 0 	 0
5.78329e-10 	 0 	 0 	 0 	 20 	 0 	 0
5.7964e-10 	 0 	 0 	 0 	 20 	 0 	 0
5.80882e-10 	 0 	 0 	 0 	 20 	 0 	 0
5.82232e-10 	 0 	 0 	 0 	 20 	 0 	 0
5.8336e-10 	 1.602e-06 	 0 	 0 	 20 	 44.3252 	 0.0295501
5.84674e-10 	 0 	 0 	 0 	 20 	 0 	 0
